    0  0  0  0  2.478831e+00  1.013091e-02  -3.073037e-02  0.000000e+00  0.000000e+00
    0  0  1  0  -9.343676e-01  1.013091e-02  -6.384683e-02  0.000000e+00  0.000000e+00
    0  0  2  0  1.875124e+00  1.013091e-02  -1.028960e-01  0.000000e+00  0.000000e+00
    0  0  3  0  -1.174201e+00  1.013091e-02  -1.294314e-01  0.000000e+00  0.000000e+00
    0  0  4  0  -5.115300e-03  1.013091e-02  -4.868538e-02  0.000000e+00  0.000000e+00
    0  0  5  0  4.157081e+00  1.013091e-02  -8.791389e-02  0.000000e+00  0.000000e+00
    0  0  6  0  -1.442167e+00  1.013091e-02  -1.050389e-01  0.000000e+00  0.000000e+00
    0  0  7  0  5.017778e-01  1.013091e-02  -9.487482e-02  0.000000e+00  0.000000e+00
    0  0  8  0  1.600663e+00  1.013091e-02  -7.281749e-02  0.000000e+00  0.000000e+00
    0  0  9  0  1.043558e+00  1.013091e-02  -9.476114e-02  0.000000e+00  0.000000e+00
    0  0  10  0  1.058653e+00  1.013091e-02  0.000000e+00  0.000000e+00  0.000000e+00
    0  0  11  1  5.865566e-01  1.013091e-02  0.000000e+00  0.000000e+00  0.000000e+00
    0  1  0  0  -9.453448e-01  -1.147355e-02  -1.003794e-03  0.000000e+00  0.000000e+00
    0  1  1  0  4.396915e-01  -1.147355e-02  -3.756464e-02  0.000000e+00  0.000000e+00
    0  1  2  0  -3.348728e-01  -1.147355e-02  -2.647139e-02  0.000000e+00  0.000000e+00
    0  1  3  0  1.578788e+00  -1.147355e-02  -4.809107e-03  0.000000e+00  0.000000e+00
    0  1  4  0  8.674616e+00  -1.147355e-02  -6.046636e-02  0.000000e+00  0.000000e+00
    0  1  5  0  1.461830e+00  -1.147355e-02  -2.460900e-02  0.000000e+00  0.000000e+00
    0  1  6  0  1.630796e+00  -1.147355e-02  -4.968443e-02  0.000000e+00  0.000000e+00
    0  1  7  0  1.917178e+00  -1.147355e-02  -1.885678e-02  0.000000e+00  0.000000e+00
    0  1  8  0  5.849548e-01  -1.147355e-02  -1.222060e-01  0.000000e+00  0.000000e+00
    0  1  9  0  9.221314e-01  -1.147355e-02  -2.132504e-02  0.000000e+00  0.000000e+00
    0  1  10  0  1.130932e+00  -1.147355e-02  0.000000e+00  0.000000e+00  0.000000e+00
    0  1  11  1  3.161614e+00  -1.147355e-02  0.000000e+00  0.000000e+00  0.000000e+00
    0  2  0  0  2.366487e+00  5.406739e-02  -5.513404e-02  0.000000e+00  0.000000e+00
    0  2  1  0  -2.529895e+00  5.406739e-02  -2.003979e-02  0.000000e+00  0.000000e+00
    0  2  2  0  1.688997e+00  5.406739e-02  -2.439436e-02  0.000000e+00  0.000000e+00
    0  2  3  0  3.878545e-01  5.406739e-02  -7.182685e-02  0.000000e+00  0.000000e+00
    0  2  4  0  3.466779e-01  5.406739e-02  -1.123953e-02  0.000000e+00  0.000000e+00
    0  2  5  0  1.329452e+00  5.406739e-02  -2.828274e-02  0.000000e+00  0.000000e+00
    0  2  6  0  4.138839e+00  5.406739e-02  -3.093094e-02  0.000000e+00  0.000000e+00
    0  2  7  0  1.045468e+00  5.406739e-02  -7.572740e-02  0.000000e+00  0.000000e+00
    0  2  8  0  4.806246e-01  5.406739e-02  -1.769391e-02  0.000000e+00  0.000000e+00
    0  2  9  0  1.387230e+00  5.406739e-02  -9.509621e-03  0.000000e+00  0.000000e+00
    0  2  10  0  1.042112e+00  5.406739e-02  0.000000e+00  0.000000e+00  0.000000e+00
    0  2  11  1  2.221566e+00  5.406739e-02  0.000000e+00  0.000000e+00  0.000000e+00
    0  3  0  0  2.251674e+00  5.626118e-02  -1.628380e-02  0.000000e+00  0.000000e+00
    0  3  1  0  1.293970e+00  5.626118e-02  -8.414552e-03  0.000000e+00  0.000000e+00
    0  3  2  0  1.097330e+00  5.626118e-02  -1.873452e-02  0.000000e+00  0.000000e+00
    0  3  3  0  3.346121e+00  5.626118e-02  -1.779650e-02  0.000000e+00  0.000000e+00
    0  3  4  0  -4.314518e+00  5.626118e-02  -4.165122e-02  0.000000e+00  0.000000e+00
    0  3  5  0  -8.978961e-01  5.626118e-02  -5.344736e-02  0.000000e+00  0.000000e+00
    0  3  6  0  4.073593e+00  5.626118e-02  -2.717480e-02  0.000000e+00  0.000000e+00
    0  3  7  0  4.616891e-02  5.626118e-02  -1.689446e-03  0.000000e+00  0.000000e+00
    0  3  8  0  -2.979421e+00  5.626118e-02  9.672887e-03  0.000000e+00  0.000000e+00
    0  3  9  0  1.078277e+00  5.626118e-02  -6.949904e-03  0.000000e+00  0.000000e+00
    0  3  10  0  1.088101e+00  5.626118e-02  0.000000e+00  0.000000e+00  0.000000e+00
    0  3  11  1  1.631672e+00  5.626118e-02  0.000000e+00  0.000000e+00  0.000000e+00
    1  0  0  0  2.486220e+00  1.623652e-03  -8.488723e-03  0.000000e+00  0.000000e+00
    1  0  1  0  9.973884e-01  1.623652e-03  -1.576387e-01  0.000000e+00  0.000000e+00
    1  0  2  0  -9.430215e-01  1.623652e-03  -1.264391e-01  0.000000e+00  0.000000e+00
    1  0  3  0  3.690756e-01  1.623652e-03  -5.608577e-02  0.000000e+00  0.000000e+00
    1  0  4  0  3.587052e-01  1.623652e-03  -6.312142e-02  0.000000e+00  0.000000e+00
    1  0  5  0  -5.690533e-01  1.623652e-03  -1.202253e-01  0.000000e+00  0.000000e+00
    1  0  6  0  -1.449862e+00  1.623652e-03  -4.528280e-02  0.000000e+00  0.000000e+00
    1  0  7  0  -1.267869e+00  1.623652e-03  -1.393784e-01  0.000000e+00  0.000000e+00
    1  0  8  0  1.457717e+00  1.623652e-03  -1.260645e-01  0.000000e+00  0.000000e+00
    1  0  9  0  1.092262e+00  1.623652e-03  -6.592648e-03  0.000000e+00  0.000000e+00
    1  0  10  0  1.032107e+00  1.623652e-03  0.000000e+00  0.000000e+00  0.000000e+00
    1  0  11  1  2.389587e+00  1.623652e-03  0.000000e+00  0.000000e+00  0.000000e+00
    1  1  0  0  5.168694e+00  -3.783504e-02  1.705973e-02  0.000000e+00  0.000000e+00
    1  1  1  0  -2.064789e+00  -3.783504e-02  -4.721342e-02  0.000000e+00  0.000000e+00
    1  1  2  0  3.877673e+00  -3.783504e-02  -2.173371e-02  0.000000e+00  0.000000e+00
    1  1  3  0  1.528841e-02  -3.783504e-02  -3.244329e-02  0.000000e+00  0.000000e+00
    1  1  4  0  3.524414e-01  -3.783504e-02  -3.734484e-02  0.000000e+00  0.000000e+00
    1  1  5  0  3.959656e-01  -3.783504e-02  -7.015098e-02  0.000000e+00  0.000000e+00
    1  1  6  0  1.036852e+01  -3.783504e-02  -5.227826e-02  0.000000e+00  0.000000e+00
    1  1  7  0  1.070480e-03  -3.783504e-02  -3.150633e-02  0.000000e+00  0.000000e+00
    1  1  8  0  1.764138e+00  -3.783504e-02  -2.949780e-02  0.000000e+00  0.000000e+00
    1  1  9  0  1.012967e+00  -3.783504e-02  -2.885863e-03  0.000000e+00  0.000000e+00
    1  1  10  0  1.038175e+00  -3.783504e-02  0.000000e+00  0.000000e+00  0.000000e+00
    1  1  11  1  1.689164e+00  -3.783504e-02  0.000000e+00  0.000000e+00  0.000000e+00
    1  2  0  0  5.255176e-01  -3.199468e-02  1.573101e-02  0.000000e+00  0.000000e+00
    1  2  1  0  -1.160232e+00  -3.199468e-02  2.558436e-02  0.000000e+00  0.000000e+00
    1  2  2  0  3.406102e+00  -3.199468e-02  -2.449255e-02  0.000000e+00  0.000000e+00
    1  2  3  0  4.771861e-01  -3.199468e-02  -1.475749e-02  0.000000e+00  0.000000e+00
    1  2  4  0  1.909767e+00  -3.199468e-02  -6.119697e-02  0.000000e+00  0.000000e+00
    1  2  5  0  -9.339128e-01  -3.199468e-02  -3.999341e-02  0.000000e+00  0.000000e+00
    1  2  6  0  -1.221331e+00  -3.199468e-02  -2.896937e-02  0.000000e+00  0.000000e+00
    1  2  7  0  5.198686e-01  -3.199468e-02  -3.167865e-02  0.000000e+00  0.000000e+00
    1  2  8  0  5.874754e-01  -3.199468e-02  -8.556509e-03  0.000000e+00  0.000000e+00
    1  2  9  0  3.362970e+00  -3.199468e-02  1.605232e-02  0.000000e+00  0.000000e+00
    1  2  10  0  1.024929e+00  -3.199468e-02  0.000000e+00  0.000000e+00  0.000000e+00
    1  2  11  1  6.160336e-01  -3.199468e-02  0.000000e+00  0.000000e+00  0.000000e+00
    1  3  0  0  -1.315943e-01  -5.304496e-02  4.316359e-03  0.000000e+00  0.000000e+00
    1  3  1  0  2.570450e+00  -5.304496e-02  -1.068936e-02  0.000000e+00  0.000000e+00
    1  3  2  0  4.218472e+00  -5.304496e-02  -2.509334e-02  0.000000e+00  0.000000e+00
    1  3  3  0  1.093797e+00  -5.304496e-02  -1.655772e-02  0.000000e+00  0.000000e+00
    1  3  4  0  -1.750261e+00  -5.304496e-02  -8.707912e-02  0.000000e+00  0.000000e+00
    1  3  5  0  1.514014e+00  -5.304496e-02  -5.363726e-02  0.000000e+00  0.000000e+00
    1  3  6  0  1.513247e+00  -5.304496e-02  -2.101100e-02  0.000000e+00  0.000000e+00
    1  3  7  0  1.863440e+00  -5.304496e-02  -5.862850e-03  0.000000e+00  0.000000e+00
    1  3  8  0  3.362847e+00  -5.304496e-02  1.166213e-02  0.000000e+00  0.000000e+00
    1  3  9  0  1.045539e+00  -5.304496e-02  2.112311e-02  0.000000e+00  0.000000e+00
    1  3  10  0  1.063122e+00  -5.304496e-02  0.000000e+00  0.000000e+00  0.000000e+00
    1  3  11  1  5.847532e-01  -5.304496e-02  0.000000e+00  0.000000e+00  0.000000e+00
    2  0  0  0  -3.460391e-01  -1.523412e-03  7.877298e-03  0.000000e+00  0.000000e+00
    2  0  1  0  3.039193e+00  -1.523412e-03  -2.472197e-02  0.000000e+00  0.000000e+00
    2  0  2  0  2.051370e-01  -1.523412e-03  -1.510587e-02  0.000000e+00  0.000000e+00
    2  0  3  0  -9.185993e-01  -1.523412e-03  -2.082446e-02  0.000000e+00  0.000000e+00
    2  0  4  0  3.833234e-01  -1.523412e-03  -1.578345e-02  0.000000e+00  0.000000e+00
    2  0  5  0  -2.991321e-01  -1.523412e-03  -3.030231e-02  0.000000e+00  0.000000e+00
    2  0  6  0  -1.569914e+00  -1.523412e-03  -3.279854e-02  0.000000e+00  0.000000e+00
    2  0  7  0  1.480172e+00  -1.523412e-03  -2.876709e-02  0.000000e+00  0.000000e+00
    2  0  8  0  -1.747506e-01  -1.523412e-03  -8.909771e-03  0.000000e+00  0.000000e+00
    2  0  9  0  1.154716e+00  -1.523412e-03  -6.441936e-03  0.000000e+00  0.000000e+00
    2  0  10  0  1.088657e+00  -1.523412e-03  0.000000e+00  0.000000e+00  0.000000e+00
    2  0  11  1  1.461973e+00  -1.523412e-03  0.000000e+00  0.000000e+00  0.000000e+00
    2  1  0  0  -2.264079e-02  3.395418e-02  2.870392e-05  0.000000e+00  0.000000e+00
    2  1  1  0  1.366830e+00  3.395418e-02  -7.966148e-03  0.000000e+00  0.000000e+00
    2  1  2  0  4.114785e-01  3.395418e-02  -1.358939e-02  0.000000e+00  0.000000e+00
    2  1  3  0  3.792627e-01  3.395418e-02  -3.076574e-02  0.000000e+00  0.000000e+00
    2  1  4  0  1.330820e+00  3.395418e-02  -2.204168e-02  0.000000e+00  0.000000e+00
    2  1  5  0  -1.057245e+00  3.395418e-02  -4.484289e-02  0.000000e+00  0.000000e+00
    2  1  6  0  -1.308114e+00  3.395418e-02  -2.523971e-02  0.000000e+00  0.000000e+00
    2  1  7  0  3.359584e+00  3.395418e-02  -3.305344e-02  0.000000e+00  0.000000e+00
    2  1  8  0  5.792486e-01  3.395418e-02  -1.933339e-02  0.000000e+00  0.000000e+00
    2  1  9  0  9.872393e-01  3.395418e-02  2.276348e-02  0.000000e+00  0.000000e+00
    2  1  10  0  1.065084e+00  3.395418e-02  0.000000e+00  0.000000e+00  0.000000e+00
    2  1  11  1  2.524086e+00  3.395418e-02  0.000000e+00  0.000000e+00  0.000000e+00
    2  2  0  0  -2.051094e+00  -5.314148e-03  -1.356887e-01  0.000000e+00  0.000000e+00
    2  2  1  0  4.453505e-02  -5.314148e-03  -1.261701e-01  0.000000e+00  0.000000e+00
    2  2  2  0  -6.648754e-01  -5.314148e-03  -1.317361e-02  0.000000e+00  0.000000e+00
    2  2  3  0  -9.590967e-02  -5.314148e-03  -3.511796e-02  0.000000e+00  0.000000e+00
    2  2  4  0  -9.134693e-02  -5.314148e-03  -1.444867e-01  0.000000e+00  0.000000e+00
    2  2  5  0  3.917732e+00  -5.314148e-03  -1.154989e-01  0.000000e+00  0.000000e+00
    2  2  6  0  3.106964e+00  -5.314148e-03  -6.550945e-02  0.000000e+00  0.000000e+00
    2  2  7  0  -6.318617e+01  -5.314148e-03  -5.689712e-02  0.000000e+00  0.000000e+00
    2  2  8  0  -6.020545e-02  -5.314148e-03  -1.036338e-01  0.000000e+00  0.000000e+00
    2  2  9  0  1.028251e+00  -5.314148e-03  -2.826539e-02  0.000000e+00  0.000000e+00
    2  2  10  0  1.075636e+00  -5.314148e-03  0.000000e+00  0.000000e+00  0.000000e+00
    2  2  11  1  1.847515e+00  -5.314148e-03  0.000000e+00  0.000000e+00  0.000000e+00
    2  3  0  0  1.594972e+00  2.002671e-02  4.434971e-03  0.000000e+00  0.000000e+00
    2  3  1  0  -4.325227e-02  2.002671e-02  -4.363281e-03  0.000000e+00  0.000000e+00
    2  3  2  0  9.943547e-02  2.002671e-02  9.770195e-03  0.000000e+00  0.000000e+00
    2  3  3  0  1.368847e+00  2.002671e-02  -3.069356e-02  0.000000e+00  0.000000e+00
    2  3  4  0  -7.723206e-01  2.002671e-02  0.000000e+00  0.000000e+00  0.000000e+00
    2  3  5  0  2.111838e+00  2.002671e-02  -2.497589e-02  0.000000e+00  0.000000e+00
    2  3  6  0  -7.755099e-01  2.002671e-02  -2.558636e-02  0.000000e+00  0.000000e+00
    2  3  7  0  1.978758e+00  2.002671e-02  -4.432992e-02  0.000000e+00  0.000000e+00
    2  3  8  0  1.743933e+00  2.002671e-02  2.944386e-03  0.000000e+00  0.000000e+00
    2  3  9  0  1.088845e+00  2.002671e-02  2.190272e-02  0.000000e+00  0.000000e+00
    2  3  10  0  1.102082e+00  2.002671e-02  0.000000e+00  0.000000e+00  0.000000e+00
    2  3  11  1  1.572629e+00  2.002671e-02  0.000000e+00  0.000000e+00  0.000000e+00
    3  0  0  0  2.282895e+00  2.225298e-02  9.695043e-03  0.000000e+00  0.000000e+00
    3  0  1  0  -5.638414e-01  2.225298e-02  -5.947491e-03  0.000000e+00  0.000000e+00
    3  0  2  0  1.903765e-02  2.225298e-02  -2.041646e-02  0.000000e+00  0.000000e+00
    3  0  3  0  3.676842e-01  2.225298e-02  -3.655362e-02  0.000000e+00  0.000000e+00
    3  0  4  0  3.603459e-01  2.225298e-02  -2.166036e-02  0.000000e+00  0.000000e+00
    3  0  5  0  4.151803e-01  2.225298e-02  -4.309396e-02  0.000000e+00  0.000000e+00
    3  0  6  0  2.601287e+00  2.225298e-02  -1.504117e-02  0.000000e+00  0.000000e+00
    3  0  7  0  5.162336e-01  2.225298e-02  -1.399911e-02  0.000000e+00  0.000000e+00
    3  0  8  0  1.802950e+00  2.225298e-02  -1.451787e-02  0.000000e+00  0.000000e+00
    3  0  9  0  1.074340e+00  2.225298e-02  9.132793e-03  0.000000e+00  0.000000e+00
    3  0  10  0  1.064011e+00  2.225298e-02  0.000000e+00  0.000000e+00  0.000000e+00
    3  0  11  1  -7.662087e+00  2.225298e-02  0.000000e+00  0.000000e+00  0.000000e+00
    3  1  0  0  1.388601e+00  -9.002373e-04  -1.132876e-03  0.000000e+00  0.000000e+00
    3  1  1  0  1.275756e+00  -9.002373e-04  -5.569270e-03  0.000000e+00  0.000000e+00
    3  1  2  0  1.272287e+00  -9.002373e-04  -6.567464e-02  0.000000e+00  0.000000e+00
    3  1  3  0  1.635666e-01  -9.002373e-04  -1.921519e-02  0.000000e+00  0.000000e+00
    3  1  4  0  3.688434e-01  -9.002373e-04  -4.360604e-02  0.000000e+00  0.000000e+00
    3  1  5  0  1.382676e+00  -9.002373e-04  -8.053125e-02  0.000000e+00  0.000000e+00
    3  1  6  0  1.660271e+00  -9.002373e-04  -5.589710e-02  0.000000e+00  0.000000e+00
    3  1  7  0  5.006182e-01  -9.002373e-04  -3.276989e-02  0.000000e+00  0.000000e+00
    3  1  8  0  3.751878e+00  -9.002373e-04  -1.816680e-02  0.000000e+00  0.000000e+00
    3  1  9  0  1.126501e+00  -9.002373e-04  3.721693e-03  0.000000e+00  0.000000e+00
    3  1  10  0  1.069240e+00  -9.002373e-04  0.000000e+00  0.000000e+00  0.000000e+00
    3  1  11  1  1.529154e+00  -9.002373e-04  0.000000e+00  0.000000e+00  0.000000e+00
    3  2  0  0  2.210813e+00  -4.424350e-02  -6.078400e-03  0.000000e+00  0.000000e+00
    3  2  1  0  1.584695e+00  -4.424350e-02  -3.141199e-02  0.000000e+00  0.000000e+00
    3  2  2  0  4.072907e-01  -4.424350e-02  -1.243368e-01  0.000000e+00  0.000000e+00
    3  2  3  0  -1.375738e-03  -4.424350e-02  -7.353191e-02  0.000000e+00  0.000000e+00
    3  2  4  0  4.002743e-01  -4.424350e-02  -7.420725e-02  0.000000e+00  0.000000e+00
    3  2  5  0  1.106773e+00  -4.424350e-02  -1.051883e-01  0.000000e+00  0.000000e+00
    3  2  6  0  1.521520e+00  -4.424350e-02  -4.439900e-02  0.000000e+00  0.000000e+00
    3  2  7  0  -8.330833e-01  -4.424350e-02  -6.058868e-02  0.000000e+00  0.000000e+00
    3  2  8  0  2.472878e+00  -4.424350e-02  -8.617082e-03  0.000000e+00  0.000000e+00
    3  2  9  0  1.071883e+00  -4.424350e-02  2.244036e-02  0.000000e+00  0.000000e+00
    3  2  10  0  1.039868e+00  -4.424350e-02  0.000000e+00  0.000000e+00  0.000000e+00
    3  2  11  1  1.021881e+00  -4.424350e-02  0.000000e+00  0.000000e+00  0.000000e+00
    3  3  0  0  -1.058383e-01  -2.950388e-02  -9.245789e-02  0.000000e+00  0.000000e+00
    3  3  1  0  4.809112e-01  -2.950388e-02  -1.460188e-01  0.000000e+00  0.000000e+00
    3  3  2  0  -5.627807e-01  -2.950388e-02  -1.363498e-02  0.000000e+00  0.000000e+00
    3  3  3  0  1.750171e+00  -2.950388e-02  -6.276586e-02  0.000000e+00  0.000000e+00
    3  3  4  0  2.810898e+00  -2.950388e-02  -1.118723e-01  0.000000e+00  0.000000e+00
    3  3  5  0  9.413342e-01  -2.950388e-02  -2.271518e-01  0.000000e+00  0.000000e+00
    3  3  6  0  1.579070e+00  -2.950388e-02  -6.940763e-02  0.000000e+00  0.000000e+00
    3  3  7  0  -4.088315e-01  -2.950388e-02  -9.860066e-02  0.000000e+00  0.000000e+00
    3  3  8  0  2.522158e+00  -2.950388e-02  -1.044291e-02  0.000000e+00  0.000000e+00
    3  3  9  0  1.039472e+00  -2.950388e-02  1.248380e-02  0.000000e+00  0.000000e+00
    3  3  10  0  1.079562e+00  -2.950388e-02  0.000000e+00  0.000000e+00  0.000000e+00
    3  3  11  1  -9.615646e-02  -2.950388e-02  0.000000e+00  0.000000e+00  0.000000e+00
    4  0  0  0  9.579744e-01  -2.880817e-02  -1.344403e-04  0.000000e+00  0.000000e+00
    4  0  1  0  4.378006e-01  -2.880817e-02  -2.261042e-02  0.000000e+00  0.000000e+00
    4  0  2  0  1.329280e+00  -2.880817e-02  -1.518612e-02  0.000000e+00  0.000000e+00
    4  0  3  0  -1.786391e+00  -2.880817e-02  -2.345328e-02  0.000000e+00  0.000000e+00
    4  0  4  0  -1.143556e+00  -2.880817e-02  -7.793077e-02  0.000000e+00  0.000000e+00
    4  0  5  0  1.609789e+00  -2.880817e-02  -2.432851e-02  0.000000e+00  0.000000e+00
    4  0  6  0  4.024826e+00  -2.880817e-02  -3.515407e-02  0.000000e+00  0.000000e+00
    4  0  7  0  1.422691e+00  -2.880817e-02  -2.949939e-02  0.000000e+00  0.000000e+00
    4  0  8  0  2.789756e-01  -2.880817e-02  3.312130e-03  0.000000e+00  0.000000e+00
    4  0  9  0  1.147005e+00  -2.880817e-02  9.251105e-03  0.000000e+00  0.000000e+00
    4  0  10  0  1.033473e+00  -2.880817e-02  0.000000e+00  0.000000e+00  0.000000e+00
    4  0  11  1  3.448814e+00  -2.880817e-02  0.000000e+00  0.000000e+00  0.000000e+00
    4  1  0  0  -7.767855e-01  -1.381879e-02  4.535506e-03  0.000000e+00  0.000000e+00
    4  1  1  0  -4.339567e-02  -1.381879e-02  -8.664563e-04  0.000000e+00  0.000000e+00
    4  1  2  0  1.209500e+00  -1.381879e-02  -1.879897e-02  0.000000e+00  0.000000e+00
    4  1  3  0  1.149851e+00  -1.381879e-02  -8.118929e-03  0.000000e+00  0.000000e+00
    4  1  4  0  1.499994e+00  -1.381879e-02  -5.048303e-02  0.000000e+00  0.000000e+00
    4  1  5  0  4.343244e-01  -1.381879e-02  -7.513301e-03  0.000000e+00  0.000000e+00
    4  1  6  0  2.334282e+00  -1.381879e-02  -1.150582e-02  0.000000e+00  0.000000e+00
    4  1  7  0  -1.575305e+00  -1.381879e-02  -1.100048e-02  0.000000e+00  0.000000e+00
    4  1  8  0  3.398499e+00  -1.381879e-02  7.316221e-03  0.000000e+00  0.000000e+00
    4  1  9  0  1.089748e+00  -1.381879e-02  2.180573e-02  0.000000e+00  0.000000e+00
    4  1  10  0  1.060855e+00  -1.381879e-02  0.000000e+00  0.000000e+00  0.000000e+00
    4  1  11  1  4.775945e-01  -1.381879e-02  0.000000e+00  0.000000e+00  0.000000e+00
    4  2  0  0  4.934598e-01  -2.469948e-02  2.690965e-02  0.000000e+00  0.000000e+00
    4  2  1  0  2.603334e+00  -2.469948e-02  -1.451577e-02  0.000000e+00  0.000000e+00
    4  2  2  0  3.987181e-01  -2.469948e-02  -1.122694e-02  0.000000e+00  0.000000e+00
    4  2  3  0  -7.319545e-01  -2.469948e-02  -2.634257e-02  0.000000e+00  0.000000e+00
    4  2  4  0  -3.333932e-01  -2.469948e-02  -2.192814e-02  0.000000e+00  0.000000e+00
    4  2  5  0  1.568436e+00  -2.469948e-02  -2.553319e-02  0.000000e+00  0.000000e+00
    4  2  6  0  1.824949e+00  -2.469948e-02  -2.005764e-02  0.000000e+00  0.000000e+00
    4  2  7  0  1.517806e+00  -2.469948e-02  -5.782418e-03  0.000000e+00  0.000000e+00
    4  2  8  0  1.488124e+00  -2.469948e-02  -1.015009e-02  0.000000e+00  0.000000e+00
    4  2  9  0  1.108827e+00  -2.469948e-02  -2.403713e-03  0.000000e+00  0.000000e+00
    4  2  10  0  1.093879e+00  -2.469948e-02  0.000000e+00  0.000000e+00  0.000000e+00
    4  2  11  1  2.304853e+00  -2.469948e-02  0.000000e+00  0.000000e+00  0.000000e+00
    4  3  0  0  5.226128e-01  1.671014e-02  -6.513846e-03  0.000000e+00  0.000000e+00
    4  3  1  0  -4.414979e-01  1.671014e-02  -9.377134e-03  0.000000e+00  0.000000e+00
    4  3  2  0  3.955805e-01  1.671014e-02  -1.100475e-01  0.000000e+00  0.000000e+00
    4  3  3  0  2.173971e+00  1.671014e-02  -1.023814e-01  0.000000e+00  0.000000e+00
    4  3  4  0  2.657139e-01  1.671014e-02  -3.298505e-02  0.000000e+00  0.000000e+00
    4  3  5  0  -7.400271e-01  1.671014e-02  0.000000e+00  0.000000e+00  0.000000e+00
    4  3  6  0  6.808006e+00  1.671014e-02  -6.412629e-02  0.000000e+00  0.000000e+00
    4  3  7  0  3.996491e+00  1.671014e-02  -7.721470e-02  0.000000e+00  0.000000e+00
    4  3  8  0  -5.379626e-01  1.671014e-02  -1.994292e-01  0.000000e+00  0.000000e+00
    4  3  9  0  1.099332e+00  1.671014e-02  1.538766e-02  0.000000e+00  0.000000e+00
    4  3  10  0  1.083793e+00  1.671014e-02  0.000000e+00  0.000000e+00  0.000000e+00
    4  3  11  1  1.497980e+00  1.671014e-02  0.000000e+00  0.000000e+00  0.000000e+00
    5  0  0  0  2.030927e-01  -9.321553e-03  -8.674908e-03  0.000000e+00  0.000000e+00
    5  0  1  0  1.450236e+00  -9.321553e-03  -4.002895e-03  0.000000e+00  0.000000e+00
    5  0  2  0  3.902785e-01  -9.321553e-03  -1.338780e-01  0.000000e+00  0.000000e+00
    5  0  3  0  3.579458e-01  -9.321553e-03  -5.020385e-02  0.000000e+00  0.000000e+00
    5  0  4  0  -9.486809e-01  -9.321553e-03  -7.651068e-02  0.000000e+00  0.000000e+00
    5  0  5  0  1.435507e+00  -9.321553e-03  -4.864454e-02  0.000000e+00  0.000000e+00
    5  0  6  0  -1.575789e+00  -9.321553e-03  -6.210760e-02  0.000000e+00  0.000000e+00
    5  0  7  0  -2.137727e-01  -9.321553e-03  -2.978513e-02  0.000000e+00  0.000000e+00
    5  0  8  0  6.020616e-01  -9.321553e-03  -1.051886e-02  0.000000e+00  0.000000e+00
    5  0  9  0  1.121813e+00  -9.321553e-03  5.140782e-03  0.000000e+00  0.000000e+00
    5  0  10  0  1.059559e+00  -9.321553e-03  0.000000e+00  0.000000e+00  0.000000e+00
    5  0  11  1  2.160277e-02  -9.321553e-03  0.000000e+00  0.000000e+00  0.000000e+00
    5  1  0  0  1.277524e-01  2.418700e-02  1.272024e-02  0.000000e+00  0.000000e+00
    5  1  1  0  1.053002e+02  2.418700e-02  -2.238159e-03  0.000000e+00  0.000000e+00
    5  1  2  0  -1.083016e+00  2.418700e-02  -8.428517e-03  0.000000e+00  0.000000e+00
    5  1  3  0  1.516661e-01  2.418700e-02  -1.355817e-02  0.000000e+00  0.000000e+00
    5  1  4  0  3.082482e+00  2.418700e-02  -3.326002e-02  0.000000e+00  0.000000e+00
    5  1  5  0  -2.725775e+00  2.418700e-02  -2.625924e-02  0.000000e+00  0.000000e+00
    5  1  6  0  2.089158e+00  2.418700e-02  -2.656180e-02  0.000000e+00  0.000000e+00
    5  1  7  0  9.347683e-01  2.418700e-02  -6.094132e-02  0.000000e+00  0.000000e+00
    5  1  8  0  5.827192e-01  2.418700e-02  -2.377155e-02  0.000000e+00  0.000000e+00
    5  1  9  0  1.112472e+00  2.418700e-02  2.237533e-03  0.000000e+00  0.000000e+00
    5  1  10  0  1.057896e+00  2.418700e-02  0.000000e+00  0.000000e+00  0.000000e+00
    5  1  11  1  5.923517e-01  2.418700e-02  0.000000e+00  0.000000e+00  0.000000e+00
    5  2  0  0  5.323329e-01  6.151003e-03  -1.025020e-02  0.000000e+00  0.000000e+00
    5  2  1  0  -1.653503e+00  6.151003e-03  -7.181923e-04  0.000000e+00  0.000000e+00
    5  2  2  0  -1.113849e+00  6.151003e-03  -3.703222e-02  0.000000e+00  0.000000e+00
    5  2  3  0  -9.142415e-01  6.151003e-03  -5.928605e-02  0.000000e+00  0.000000e+00
    5  2  4  0  4.060246e+00  6.151003e-03  -2.418993e-02  0.000000e+00  0.000000e+00
    5  2  5  0  -1.446126e+00  6.151003e-03  -4.129631e-02  0.000000e+00  0.000000e+00
    5  2  6  0  1.835686e+00  6.151003e-03  -5.030693e-02  0.000000e+00  0.000000e+00
    5  2  7  0  5.047126e-01  6.151003e-03  -2.580969e-02  0.000000e+00  0.000000e+00
    5  2  8  0  -3.386396e-01  6.151003e-03  -6.442303e-02  0.000000e+00  0.000000e+00
    5  2  9  0  1.097389e+00  6.151003e-03  4.087725e-02  0.000000e+00  0.000000e+00
    5  2  10  0  1.102549e+00  6.151003e-03  0.000000e+00  0.000000e+00  0.000000e+00
    5  2  11  1  6.178209e-01  6.151003e-03  0.000000e+00  0.000000e+00  0.000000e+00
    5  3  0  0  -1.386983e-01  3.245338e-02  -5.943507e-03  0.000000e+00  0.000000e+00
    5  3  1  0  4.177911e+00  3.245338e-02  -1.680267e-02  0.000000e+00  0.000000e+00
    5  3  2  0  -1.105517e+00  3.245338e-02  2.883403e-04  0.000000e+00  0.000000e+00
    5  3  3  0  3.739792e-01  3.245338e-02  -3.107112e-02  0.000000e+00  0.000000e+00
    5  3  4  0  1.970891e+00  3.245338e-02  -3.889188e-02  0.000000e+00  0.000000e+00
    5  3  5  0  3.975336e-01  3.245338e-02  -4.884317e-02  0.000000e+00  0.000000e+00
    5  3  6  0  1.754262e+00  3.245338e-02  -4.770051e-02  0.000000e+00  0.000000e+00
    5  3  7  0  8.864030e-01  3.245338e-02  -2.000290e-02  0.000000e+00  0.000000e+00
    5  3  8  0  5.632569e-01  3.245338e-02  -6.276790e-03  0.000000e+00  0.000000e+00
    5  3  9  0  1.029476e+00  3.245338e-02  -1.117985e-02  0.000000e+00  0.000000e+00
    5  3  10  0  1.114004e+00  3.245338e-02  0.000000e+00  0.000000e+00  0.000000e+00
    5  3  11  1  1.608815e+00  3.245338e-02  0.000000e+00  0.000000e+00  0.000000e+00
    6  0  0  0  5.107695e-01  3.364041e-02  -4.390896e-02  0.000000e+00  0.000000e+00
    6  0  1  0  8.426842e+00  3.364041e-02  -4.875723e-02  0.000000e+00  0.000000e+00
    6  0  2  0  -3.082240e+00  3.364041e-02  -5.883373e-03  0.000000e+00  0.000000e+00
    6  0  3  0  3.508789e-01  3.364041e-02  -1.268078e-02  0.000000e+00  0.000000e+00
    6  0  4  0  -4.290086e+00  3.364041e-02  -7.956425e-02  0.000000e+00  0.000000e+00
    6  0  5  0  -1.181306e+00  3.364041e-02  -2.509321e-02  0.000000e+00  0.000000e+00
    6  0  6  0  2.740687e+00  3.364041e-02  -7.146315e-02  0.000000e+00  0.000000e+00
    6  0  7  0  1.002871e+00  3.364041e-02  -5.730514e-02  0.000000e+00  0.000000e+00
    6  0  8  0  2.864481e+00  3.364041e-02  -2.336248e-02  0.000000e+00  0.000000e+00
    6  0  9  0  1.029019e+00  3.364041e-02  3.801964e-03  0.000000e+00  0.000000e+00
    6  0  10  0  1.048899e+00  3.364041e-02  0.000000e+00  0.000000e+00  0.000000e+00
    6  0  11  1  1.836330e+00  3.364041e-02  0.000000e+00  0.000000e+00  0.000000e+00
    6  1  0  0  -1.352430e+00  3.141993e-02  -1.537974e-02  0.000000e+00  0.000000e+00
    6  1  1  0  -5.254798e-02  3.141993e-02  -1.536738e-01  0.000000e+00  0.000000e+00
    6  1  2  0  2.781233e+00  3.141993e-02  -9.140047e-02  0.000000e+00  0.000000e+00
    6  1  3  0  -2.304419e+00  3.141993e-02  -6.945041e-02  0.000000e+00  0.000000e+00
    6  1  4  0  -1.169411e+00  3.141993e-02  -1.686436e-01  0.000000e+00  0.000000e+00
    6  1  5  0  1.584534e+00  3.141993e-02  -9.241202e-02  0.000000e+00  0.000000e+00
    6  1  6  0  -1.830610e-01  3.141993e-02  -3.283577e-02  0.000000e+00  0.000000e+00
    6  1  7  0  2.519423e+00  3.141993e-02  -3.650907e-02  0.000000e+00  0.000000e+00
    6  1  8  0  -3.557575e-01  3.141993e-02  -8.486065e-02  0.000000e+00  0.000000e+00
    6  1  9  0  1.715666e+00  3.141993e-02  4.649960e-03  0.000000e+00  0.000000e+00
    6  1  10  0  1.037240e+00  3.141993e-02  0.000000e+00  0.000000e+00  0.000000e+00
    6  1  11  1  1.964400e+00  3.141993e-02  0.000000e+00  0.000000e+00  0.000000e+00
    6  2  0  0  -7.767689e-01  -9.139686e-03  -8.251837e-03  0.000000e+00  0.000000e+00
    6  2  1  0  -1.105062e+00  -9.139686e-03  -1.254311e-02  0.000000e+00  0.000000e+00
    6  2  2  0  -1.698871e-01  -9.139686e-03  -3.551539e-02  0.000000e+00  0.000000e+00
    6  2  3  0  4.390145e-01  -9.139686e-03  -1.983279e-02  0.000000e+00  0.000000e+00
    6  2  4  0  -6.571505e-02  -9.139686e-03  -2.995563e-02  0.000000e+00  0.000000e+00
    6  2  5  0  1.305185e+00  -9.139686e-03  -1.105552e-02  0.000000e+00  0.000000e+00
    6  2  6  0  4.570569e-01  -9.139686e-03  -1.087586e-02  0.000000e+00  0.000000e+00
    6  2  7  0  4.504435e-01  -9.139686e-03  -1.026634e-02  0.000000e+00  0.000000e+00
    6  2  8  0  3.368506e+00  -9.139686e-03  2.141707e-03  0.000000e+00  0.000000e+00
    6  2  9  0  1.092580e+00  -9.139686e-03  2.371070e-03  0.000000e+00  0.000000e+00
    6  2  10  0  1.059956e+00  -9.139686e-03  0.000000e+00  0.000000e+00  0.000000e+00
    6  2  11  1  2.419202e+00  -9.139686e-03  0.000000e+00  0.000000e+00  0.000000e+00
    6  3  0  0  -4.261591e-01  -8.266004e-03  6.577996e-03  0.000000e+00  0.000000e+00
    6  3  1  0  -9.392271e-01  -8.266004e-03  -1.010332e-02  0.000000e+00  0.000000e+00
    6  3  2  0  2.924598e+00  -8.266004e-03  -3.655820e-03  0.000000e+00  0.000000e+00
    6  3  3  0  2.870500e+00  -8.266004e-03  -3.148071e-02  0.000000e+00  0.000000e+00
    6  3  4  0  -1.433704e+00  -8.266004e-03  -2.269107e-02  0.000000e+00  0.000000e+00
    6  3  5  0  1.515609e+00  -8.266004e-03  -3.444748e-02  0.000000e+00  0.000000e+00
    6  3  6  0  3.310383e+00  -8.266004e-03  -4.056487e-02  0.000000e+00  0.000000e+00
    6  3  7  0  4.192143e-01  -8.266004e-03  -3.617971e-02  0.000000e+00  0.000000e+00
    6  3  8  0  2.406118e+00  -8.266004e-03  -4.303996e-03  0.000000e+00  0.000000e+00
    6  3  9  0  1.064221e+00  -8.266004e-03  2.818669e-02  0.000000e+00  0.000000e+00
    6  3  10  0  1.086020e+00  -8.266004e-03  0.000000e+00  0.000000e+00  0.000000e+00
    6  3  11  1  6.028089e-01  -8.266004e-03  0.000000e+00  0.000000e+00  0.000000e+00
    7  0  0  0  -1.388895e+00  2.864271e-02  -2.199648e-03  0.000000e+00  0.000000e+00
    7  0  1  0  3.994607e+00  2.864271e-02  -8.913736e-03  0.000000e+00  0.000000e+00
    7  0  2  0  -9.331689e-01  2.864271e-02  -3.770379e-02  0.000000e+00  0.000000e+00
    7  0  3  0  -6.195773e-02  2.864271e-02  -4.052319e-02  0.000000e+00  0.000000e+00
    7  0  4  0  -1.409216e+00  2.864271e-02  -2.044817e-02  0.000000e+00  0.000000e+00
    7  0  5  0  1.685068e+00  2.864271e-02  -2.951675e-02  0.000000e+00  0.000000e+00
    7  0  6  0  2.219985e+00  2.864271e-02  -2.684314e-02  0.000000e+00  0.000000e+00
    7  0  7  0  -9.292723e-01  2.864271e-02  -1.665290e-02  0.000000e+00  0.000000e+00
    7  0  8  0  -2.602930e-01  2.864271e-02  -1.695473e-03  0.000000e+00  0.000000e+00
    7  0  9  0  1.121645e+00  2.864271e-02  1.512552e-02  0.000000e+00  0.000000e+00
    7  0  10  0  1.105414e+00  2.864271e-02  0.000000e+00  0.000000e+00  0.000000e+00
    7  0  11  1  -2.660675e-01  2.864271e-02  0.000000e+00  0.000000e+00  0.000000e+00
    7  1  0  0  1.371873e+00  4.489227e-02  -2.282689e-02  0.000000e+00  0.000000e+00
    7  1  1  0  1.555398e+00  4.489227e-02  -3.413995e-03  0.000000e+00  0.000000e+00
    7  1  2  0  -9.597449e-02  4.489227e-02  -4.870989e-03  0.000000e+00  0.000000e+00
    7  1  3  0  1.992424e-01  4.489227e-02  -3.820073e-02  0.000000e+00  0.000000e+00
    7  1  4  0  4.248604e-01  4.489227e-02  -3.907968e-02  0.000000e+00  0.000000e+00
    7  1  5  0  -5.796635e-01  4.489227e-02  -4.136774e-02  0.000000e+00  0.000000e+00
    7  1  6  0  3.947568e+00  4.489227e-02  -3.445631e-02  0.000000e+00  0.000000e+00
    7  1  7  0  1.750196e+00  4.489227e-02  -3.763596e-02  0.000000e+00  0.000000e+00
    7  1  8  0  -2.289745e-01  4.489227e-02  -5.971288e-02  0.000000e+00  0.000000e+00
    7  1  9  0  2.159723e-01  4.489227e-02  -4.846374e-03  0.000000e+00  0.000000e+00
    7  1  10  0  1.081185e+00  4.489227e-02  0.000000e+00  0.000000e+00  0.000000e+00
    7  1  11  1  1.817567e+00  4.489227e-02  0.000000e+00  0.000000e+00  0.000000e+00
    7  2  0  0  5.343293e-01  -3.850220e-02  -1.675402e-01  0.000000e+00  0.000000e+00
    7  2  1  0  9.688639e-01  -3.850220e-02  -2.118095e-01  0.000000e+00  0.000000e+00
    7  2  2  0  1.481793e+00  -3.850220e-02  -5.042789e-02  0.000000e+00  0.000000e+00
    7  2  3  0  1.265493e+00  -3.850220e-02  -4.206838e-02  0.000000e+00  0.000000e+00
    7  2  4  0  2.969463e-01  -3.850220e-02  -9.432820e-02  0.000000e+00  0.000000e+00
    7  2  5  0  -7.483350e-03  -3.850220e-02  -5.669593e-02  0.000000e+00  0.000000e+00
    7  2  6  0  -6.620887e-01  -3.850220e-02  -1.317065e-01  0.000000e+00  0.000000e+00
    7  2  7  0  -2.636213e-01  -3.850220e-02  -6.612839e-02  0.000000e+00  0.000000e+00
    7  2  8  0  -3.443835e+00  -3.850220e-02  -1.300635e-01  0.000000e+00  0.000000e+00
    7  2  9  0  9.414715e-01  -3.850220e-02  -7.417353e-02  0.000000e+00  0.000000e+00
    7  2  10  0  1.071144e+00  -3.850220e-02  0.000000e+00  0.000000e+00  0.000000e+00
    7  2  11  1  1.977032e+00  -3.850220e-02  0.000000e+00  0.000000e+00  0.000000e+00
    7  3  0  0  -8.598136e-01  1.795101e-02  -4.872910e-02  0.000000e+00  0.000000e+00
    7  3  1  0  -1.177134e-01  1.795101e-02  -1.557700e-02  0.000000e+00  0.000000e+00
    7  3  2  0  4.000368e-01  1.795101e-02  -3.637223e-02  0.000000e+00  0.000000e+00
    7  3  3  0  1.409581e+00  1.795101e-02  -1.390682e-02  0.000000e+00  0.000000e+00
    7  3  4  0  7.872797e-02  1.795101e-02  -2.266406e-02  0.000000e+00  0.000000e+00
    7  3  5  0  1.167487e+00  1.795101e-02  -2.273317e-02  0.000000e+00  0.000000e+00
    7  3  6  0  -8.017568e-02  1.795101e-02  -4.487701e-02  0.000000e+00  0.000000e+00
    7  3  7  0  1.923585e+00  1.795101e-02  -2.583961e-02  0.000000e+00  0.000000e+00
    7  3  8  0  2.035076e+00  1.795101e-02  -1.200836e-02  0.000000e+00  0.000000e+00
    7  3  9  0  1.057554e+00  1.795101e-02  -2.238872e-02  0.000000e+00  0.000000e+00
    7  3  10  0  1.060012e+00  1.795101e-02  0.000000e+00  0.000000e+00  0.000000e+00
    7  3  11  1  -7.271621e+00  1.795101e-02  0.000000e+00  0.000000e+00  0.000000e+00
    8  0  0  0  5.096004e-01  -5.175134e-03  -1.704420e-02  0.000000e+00  0.000000e+00
    8  0  1  0  -5.178775e-01  -5.175134e-03  -6.531508e-03  0.000000e+00  0.000000e+00
    8  0  2  0  4.947712e-02  -5.175134e-03  -1.027036e-02  0.000000e+00  0.000000e+00
    8  0  3  0  -1.311286e+00  -5.175134e-03  -2.944772e-02  0.000000e+00  0.000000e+00
    8  0  4  0  -3.474841e+01  -5.175134e-03  -3.017772e-02  0.000000e+00  0.000000e+00
    8  0  5  0  1.305505e+00  -5.175134e-03  -5.325638e-02  0.000000e+00  0.000000e+00
    8  0  6  0  2.456521e+00  -5.175134e-03  -4.324490e-02  0.000000e+00  0.000000e+00
    8  0  7  0  1.688759e+00  -5.175134e-03  -7.980889e-02  0.000000e+00  0.000000e+00
    8  0  8  0  2.103177e+00  -5.175134e-03  -1.424229e-02  0.000000e+00  0.000000e+00
    8  0  9  0  1.060200e+00  -5.175134e-03  -1.147528e-02  0.000000e+00  0.000000e+00
    8  0  10  0  1.127720e+00  -5.175134e-03  0.000000e+00  0.000000e+00  0.000000e+00
    8  0  11  1  1.988231e+00  -5.175134e-03  0.000000e+00  0.000000e+00  0.000000e+00
    8  1  0  0  5.170023e-01  -1.918918e-02  2.563331e-03  0.000000e+00  0.000000e+00
    8  1  1  0  -3.718715e-01  -1.918918e-02  -4.984137e-03  0.000000e+00  0.000000e+00
    8  1  2  0  1.291380e+00  -1.918918e-02  -1.462729e-02  0.000000e+00  0.000000e+00
    8  1  3  0  1.535756e+00  -1.918918e-02  -1.887150e-02  0.000000e+00  0.000000e+00
    8  1  4  0  9.360218e-01  -1.918918e-02  -2.118364e-02  0.000000e+00  0.000000e+00
    8  1  5  0  1.498881e+00  -1.918918e-02  -1.026732e-02  0.000000e+00  0.000000e+00
    8  1  6  0  1.307791e+00  -1.918918e-02  -2.520738e-02  0.000000e+00  0.000000e+00
    8  1  7  0  2.053899e-01  -1.918918e-02  -5.120352e-03  0.000000e+00  0.000000e+00
    8  1  8  0  -8.001377e-01  -1.918918e-02  -1.545955e-02  0.000000e+00  0.000000e+00
    8  1  9  0  1.062167e+00  -1.918918e-02  2.321038e-02  0.000000e+00  0.000000e+00
    8  1  10  0  1.093023e+00  -1.918918e-02  0.000000e+00  0.000000e+00  0.000000e+00
    8  1  11  1  1.643139e+00  -1.918918e-02  0.000000e+00  0.000000e+00  0.000000e+00
    8  2  0  0  -3.050245e+00  4.956154e-02  3.628194e-03  0.000000e+00  0.000000e+00
    8  2  1  0  -6.801891e-02  4.956154e-02  -5.742171e-02  0.000000e+00  0.000000e+00
    8  2  2  0  4.122439e-01  4.956154e-02  -1.805268e-01  0.000000e+00  0.000000e+00
    8  2  3  0  -3.485905e-01  4.956154e-02  -1.552778e-01  0.000000e+00  0.000000e+00
    8  2  4  0  1.187033e+01  4.956154e-02  -7.454584e-02  0.000000e+00  0.000000e+00
    8  2  5  0  -7.091444e-02  4.956154e-02  -1.324997e-01  0.000000e+00  0.000000e+00
    8  2  6  0  -3.966041e+00  4.956154e-02  -5.260029e-02  0.000000e+00  0.000000e+00
    8  2  7  0  -9.737544e-02  4.956154e-02  -1.355174e-01  0.000000e+00  0.000000e+00
    8  2  8  0  1.494598e+00  4.956154e-02  -1.332881e-02  0.000000e+00  0.000000e+00
    8  2  9  0  1.058035e+00  4.956154e-02  -2.947162e-02  0.000000e+00  0.000000e+00
    8  2  10  0  1.111722e+00  4.956154e-02  0.000000e+00  0.000000e+00  0.000000e+00
    8  2  11  1  -5.553394e-01  4.956154e-02  0.000000e+00  0.000000e+00  0.000000e+00
    8  3  0  0  5.440126e+00  3.483520e-02  4.226592e-03  0.000000e+00  0.000000e+00
    8  3  1  0  -1.306368e-01  3.483520e-02  -5.491845e-02  0.000000e+00  0.000000e+00
    8  3  2  0  4.845815e-01  3.483520e-02  -3.556532e-02  0.000000e+00  0.000000e+00
    8  3  3  0  2.238923e+00  3.483520e-02  -1.984213e-02  0.000000e+00  0.000000e+00
    8  3  4  0  3.241826e-01  3.483520e-02  -3.197010e-02  0.000000e+00  0.000000e+00
    8  3  5  0  -5.239540e-01  3.483520e-02  -7.035499e-02  0.000000e+00  0.000000e+00
    8  3  6  0  1.378662e+00  3.483520e-02  -4.978500e-02  0.000000e+00  0.000000e+00
    8  3  7  0  -8.203214e-01  3.483520e-02  -8.199840e-03  0.000000e+00  0.000000e+00
    8  3  8  0  -5.044326e-02  3.483520e-02  -3.729838e-02  0.000000e+00  0.000000e+00
    8  3  9  0  1.018508e+00  3.483520e-02  -2.840249e-02  0.000000e+00  0.000000e+00
    8  3  10  0  1.158170e+00  3.483520e-02  0.000000e+00  0.000000e+00  0.000000e+00
    8  3  11  1  -2.567405e-01  3.483520e-02  0.000000e+00  0.000000e+00  0.000000e+00
    9  0  0  0  3.251269e+00  -5.392422e-02  1.197991e-02  0.000000e+00  0.000000e+00
    9  0  1  0  4.057118e-01  -5.392422e-02  -1.866434e-02  0.000000e+00  0.000000e+00
    9  0  2  0  -6.628530e-02  -5.392422e-02  -4.475916e-02  0.000000e+00  0.000000e+00
    9  0  3  0  4.863672e+00  -5.392422e-02  -1.238184e-02  0.000000e+00  0.000000e+00
    9  0  4  0  3.800152e-01  -5.392422e-02  -2.071225e-02  0.000000e+00  0.000000e+00
    9  0  5  0  1.346731e+00  -5.392422e-02  -1.638103e-02  0.000000e+00  0.000000e+00
    9  0  6  0  4.118597e+00  -5.392422e-02  -3.401611e-02  0.000000e+00  0.000000e+00
    9  0  7  0  1.608217e+00  -5.392422e-02  -3.215126e-03  0.000000e+00  0.000000e+00
    9  0  8  0  7.019045e+00  -5.392422e-02  -2.188161e-02  0.000000e+00  0.000000e+00
    9  0  9  0  1.138439e+00  -5.392422e-02  -3.660127e-03  0.000000e+00  0.000000e+00
    9  0  10  0  1.114391e+00  -5.392422e-02  0.000000e+00  0.000000e+00  0.000000e+00
    9  0  11  1  1.876883e-01  -5.392422e-02  0.000000e+00  0.000000e+00  0.000000e+00
    9  1  0  0  -1.118439e+00  -8.453792e-02  2.974431e-02  0.000000e+00  0.000000e+00
    9  1  1  0  1.453095e+00  -8.453792e-02  -2.124509e-02  0.000000e+00  0.000000e+00
    9  1  2  0  1.156049e-01  -8.453792e-02  -2.341402e-02  0.000000e+00  0.000000e+00
    9  1  3  0  -8.000121e-01  -8.453792e-02  -1.525195e-02  0.000000e+00  0.000000e+00
    9  1  4  0  -5.928890e-02  -8.453792e-02  -1.959256e-02  0.000000e+00  0.000000e+00
    9  1  5  0  -4.143053e-01  -8.453792e-02  -2.482937e-02  0.000000e+00  0.000000e+00
    9  1  6  0  6.284250e+00  -8.453792e-02  -1.733511e-02  0.000000e+00  0.000000e+00
    9  1  7  0  -9.663330e-01  -8.453792e-02  -3.289554e-02  0.000000e+00  0.000000e+00
    9  1  8  0  -1.345419e+00  -8.453792e-02  -1.056593e-02  0.000000e+00  0.000000e+00
    9  1  9  0  7.624571e-01  -8.453792e-02  -1.572777e-02  0.000000e+00  0.000000e+00
    9  1  10  0  1.059715e+00  -8.453792e-02  0.000000e+00  0.000000e+00  0.000000e+00
    9  1  11  1  -4.370222e-01  -8.453792e-02  0.000000e+00  0.000000e+00  0.000000e+00
    9  2  0  0  5.052786e-01  -3.418849e-02  -1.346313e-03  0.000000e+00  0.000000e+00
    9  2  1  0  1.796946e+00  -3.418849e-02  -1.138537e-02  0.000000e+00  0.000000e+00
    9  2  2  0  3.974135e-01  -3.418849e-02  -3.340494e-02  0.000000e+00  0.000000e+00
    9  2  3  0  -3.542713e+00  -3.418849e-02  -5.112670e-02  0.000000e+00  0.000000e+00
    9  2  4  0  2.272480e-01  -3.418849e-02  -3.231389e-02  0.000000e+00  0.000000e+00
    9  2  5  0  -1.182407e-01  -3.418849e-02  -3.755638e-02  0.000000e+00  0.000000e+00
    9  2  6  0  5.737052e+00  -3.418849e-02  -3.636919e-02  0.000000e+00  0.000000e+00
    9  2  7  0  1.695747e+00  -3.418849e-02  -2.293371e-02  0.000000e+00  0.000000e+00
    9  2  8  0  5.918084e-01  -3.418849e-02  5.719356e-03  0.000000e+00  0.000000e+00
    9  2  9  0  1.069240e+00  -3.418849e-02  -1.271926e-02  0.000000e+00  0.000000e+00
    9  2  10  0  1.080337e+00  -3.418849e-02  0.000000e+00  0.000000e+00  0.000000e+00
    9  2  11  1  5.901467e-01  -3.418849e-02  0.000000e+00  0.000000e+00  0.000000e+00
    9  3  0  0  4.345877e-01  3.098251e-04  2.855819e-04  0.000000e+00  0.000000e+00
    9  3  1  0  1.354374e+00  3.098251e-04  -2.114823e-02  0.000000e+00  0.000000e+00
    9  3  2  0  -1.097588e+00  3.098251e-04  -7.177395e-02  0.000000e+00  0.000000e+00
    9  3  3  0  3.778997e-01  3.098251e-04  -6.018613e-02  0.000000e+00  0.000000e+00
    9  3  4  0  -3.427277e-01  3.098251e-04  -4.916237e-02  0.000000e+00  0.000000e+00
    9  3  5  0  1.374156e+00  3.098251e-04  -3.434554e-02  0.000000e+00  0.000000e+00
    9  3  6  0  5.168784e-01  3.098251e-04  -1.917945e-02  0.000000e+00  0.000000e+00
    9  3  7  0  3.956060e+00  3.098251e-04  -2.018192e-02  0.000000e+00  0.000000e+00
    9  3  8  0  -1.835955e-01  3.098251e-04  9.699215e-03  0.000000e+00  0.000000e+00
    9  3  9  0  1.088041e+00  3.098251e-04  2.907114e-02  0.000000e+00  0.000000e+00
    9  3  10  0  1.101556e+00  3.098251e-04  0.000000e+00  0.000000e+00  0.000000e+00
    9  3  11  1  1.713939e+00  3.098251e-04  0.000000e+00  0.000000e+00  0.000000e+00
    10  0  0  0  -2.039885e-01  1.964956e-02  1.240996e-02  0.000000e+00  0.000000e+00
    10  0  1  0  1.856082e-01  1.964956e-02  2.593394e-03  0.000000e+00  0.000000e+00
    10  0  2  0  3.781023e-01  1.964956e-02  -8.178026e-02  0.000000e+00  0.000000e+00
    10  0  3  0  -3.222979e-01  1.964956e-02  -1.088611e-01  0.000000e+00  0.000000e+00
    10  0  4  0  2.638690e+00  1.964956e-02  -1.194082e-01  0.000000e+00  0.000000e+00
    10  0  5  0  4.140408e-01  1.964956e-02  -1.189982e-01  0.000000e+00  0.000000e+00
    10  0  6  0  4.513758e-01  1.964956e-02  -1.050244e-01  0.000000e+00  0.000000e+00
    10  0  7  0  -1.222197e-01  1.964956e-02  -3.590432e-02  0.000000e+00  0.000000e+00
    10  0  8  0  6.108591e-01  1.964956e-02  -1.162268e-01  0.000000e+00  0.000000e+00
    10  0  9  0  1.080672e+00  1.964956e-02  -4.136045e-03  0.000000e+00  0.000000e+00
    10  0  10  0  1.051176e+00  1.964956e-02  0.000000e+00  0.000000e+00  0.000000e+00
    10  0  11  1  3.124389e+00  1.964956e-02  0.000000e+00  0.000000e+00  0.000000e+00
    10  1  0  0  1.661933e+00  5.902140e-03  -9.055400e-04  0.000000e+00  0.000000e+00
    10  1  1  0  1.347566e+00  5.902140e-03  -1.603406e-02  0.000000e+00  0.000000e+00
    10  1  2  0  4.032968e-01  5.902140e-03  -1.705187e-02  0.000000e+00  0.000000e+00
    10  1  3  0  -7.390478e-01  5.902140e-03  -1.331936e-02  0.000000e+00  0.000000e+00
    10  1  4  0  1.339513e+00  5.902140e-03  0.000000e+00  0.000000e+00  0.000000e+00
    10  1  5  0  3.568739e+00  5.902140e-03  -1.091783e-02  0.000000e+00  0.000000e+00
    10  1  6  0  -1.712451e-01  5.902140e-03  -1.978953e-02  0.000000e+00  0.000000e+00
    10  1  7  0  5.089123e-01  5.902140e-03  -7.399534e-03  0.000000e+00  0.000000e+00
    10  1  8  0  6.007043e+00  5.902140e-03  -1.645459e-02  0.000000e+00  0.000000e+00
    10  1  9  0  1.109007e+00  5.902140e-03  2.083223e-02  0.000000e+00  0.000000e+00
    10  1  10  0  1.101543e+00  5.902140e-03  0.000000e+00  0.000000e+00  0.000000e+00
    10  1  11  1  2.506365e+00  5.902140e-03  0.000000e+00  0.000000e+00  0.000000e+00
    10  2  0  0  -9.259809e-01  -7.594073e-03  7.247145e-03  0.000000e+00  0.000000e+00
    10  2  1  0  3.462290e-01  -7.594073e-03  -7.414916e-03  0.000000e+00  0.000000e+00
    10  2  2  0  3.922992e-01  -7.594073e-03  -4.560710e-03  0.000000e+00  0.000000e+00
    10  2  3  0  1.295611e+00  -7.594073e-03  -1.528013e-02  0.000000e+00  0.000000e+00
    10  2  4  0  3.580995e+00  -7.594073e-03  -4.281991e-02  0.000000e+00  0.000000e+00
    10  2  5  0  1.315357e+00  -7.594073e-03  -3.029061e-02  0.000000e+00  0.000000e+00
    10  2  6  0  1.571752e+00  -7.594073e-03  -1.985553e-02  0.000000e+00  0.000000e+00
    10  2  7  0  5.263836e-01  -7.594073e-03  -4.794911e-02  0.000000e+00  0.000000e+00
    10  2  8  0  6.080014e-01  -7.594073e-03  -6.347877e-03  0.000000e+00  0.000000e+00
    10  2  9  0  1.084231e+00  -7.594073e-03  -2.688783e-03  0.000000e+00  0.000000e+00
    10  2  10  0  1.035363e+00  -7.594073e-03  0.000000e+00  0.000000e+00  0.000000e+00
    10  2  11  1  2.971996e+00  -7.594073e-03  0.000000e+00  0.000000e+00  0.000000e+00
    10  3  0  0  5.370123e-01  2.070808e-02  7.210136e-03  0.000000e+00  0.000000e+00
    10  3  1  0  1.234311e-01  2.070808e-02  4.633737e-03  0.000000e+00  0.000000e+00
    10  3  2  0  3.901225e-01  2.070808e-02  -1.466060e-02  0.000000e+00  0.000000e+00
    10  3  3  0  -7.875815e-01  2.070808e-02  -3.240514e-02  0.000000e+00  0.000000e+00
    10  3  4  0  7.685472e-01  2.070808e-02  -3.565871e-02  0.000000e+00  0.000000e+00
    10  3  5  0  4.122702e-01  2.070808e-02  -4.553733e-02  0.000000e+00  0.000000e+00
    10  3  6  0  -4.480120e-01  2.070808e-02  -2.991624e-02  0.000000e+00  0.000000e+00
    10  3  7  0  -1.197010e-01  2.070808e-02  -3.759019e-03  0.000000e+00  0.000000e+00
    10  3  8  0  1.951676e-01  2.070808e-02  -1.955665e-02  0.000000e+00  0.000000e+00
    10  3  9  0  1.008814e+00  2.070808e-02  -8.178614e-03  0.000000e+00  0.000000e+00
    10  3  10  0  1.134034e+00  2.070808e-02  0.000000e+00  0.000000e+00  0.000000e+00
    10  3  11  1  -2.786360e-01  2.070808e-02  0.000000e+00  0.000000e+00  0.000000e+00
    11  0  0  0  1.820530e-01  -6.344942e-03  -2.015189e-03  0.000000e+00  0.000000e+00
    11  0  1  0  3.763708e-01  -6.344942e-03  -5.072862e-02  0.000000e+00  0.000000e+00
    11  0  2  0  3.983563e-01  -6.344942e-03  -9.980395e-02  0.000000e+00  0.000000e+00
    11  0  3  0  3.550908e-01  -6.344942e-03  -3.833840e-02  0.000000e+00  0.000000e+00
    11  0  4  0  1.119117e+00  -6.344942e-03  -3.333158e-02  0.000000e+00  0.000000e+00
    11  0  5  0  1.485071e+00  -6.344942e-03  -9.426610e-02  0.000000e+00  0.000000e+00
    11  0  6  0  4.477527e-01  -6.344942e-03  -2.961170e-02  0.000000e+00  0.000000e+00
    11  0  7  0  1.315620e+00  -6.344942e-03  -1.290142e-01  0.000000e+00  0.000000e+00
    11  0  8  0  -1.533109e+00  -6.344942e-03  -1.214543e-02  0.000000e+00  0.000000e+00
    11  0  9  0  8.264415e-01  -6.344942e-03  -2.579587e-03  0.000000e+00  0.000000e+00
    11  0  10  0  1.075095e+00  -6.344942e-03  0.000000e+00  0.000000e+00  0.000000e+00
    11  0  11  1  2.261019e+00  -6.344942e-03  0.000000e+00  0.000000e+00  0.000000e+00
    11  1  0  0  5.187355e-01  4.692136e-02  -2.761781e-02  0.000000e+00  0.000000e+00
    11  1  1  0  1.439407e+00  4.692136e-02  -3.094827e-02  0.000000e+00  0.000000e+00
    11  1  2  0  -2.896184e+00  4.692136e-02  -1.284705e-01  0.000000e+00  0.000000e+00
    11  1  3  0  2.332376e+00  4.692136e-02  -9.781484e-02  0.000000e+00  0.000000e+00
    11  1  4  0  3.506346e-01  4.692136e-02  -8.110814e-02  0.000000e+00  0.000000e+00
    11  1  5  0  -1.427291e+00  4.692136e-02  -1.379789e-01  0.000000e+00  0.000000e+00
    11  1  6  0  1.137359e+00  4.692136e-02  -6.719917e-02  0.000000e+00  0.000000e+00
    11  1  7  0  1.261452e+00  4.692136e-02  -7.303183e-02  0.000000e+00  0.000000e+00
    11  1  8  0  6.076754e-01  4.692136e-02  -2.021809e-01  0.000000e+00  0.000000e+00
    11  1  9  0  1.051245e+00  4.692136e-02  -2.496268e-02  0.000000e+00  0.000000e+00
    11  1  10  0  1.123760e+00  4.692136e-02  0.000000e+00  0.000000e+00  0.000000e+00
    11  1  11  1  1.494400e+00  4.692136e-02  0.000000e+00  0.000000e+00  0.000000e+00
    11  2  0  0  5.225315e-01  3.134718e-02  -5.317485e-02  0.000000e+00  0.000000e+00
    11  2  1  0  -6.330822e-02  3.134718e-02  -2.665602e-02  0.000000e+00  0.000000e+00
    11  2  2  0  -2.313524e-01  3.134718e-02  -1.121722e-02  0.000000e+00  0.000000e+00
    11  2  3  0  -9.763911e-01  3.134718e-02  -2.898756e-02  0.000000e+00  0.000000e+00
    11  2  4  0  -1.762854e-02  3.134718e-02  -4.366654e-02  0.000000e+00  0.000000e+00
    11  2  5  0  2.376845e+00  3.134718e-02  -5.888920e-02  0.000000e+00  0.000000e+00
    11  2  6  0  3.196299e+00  3.134718e-02  -5.849020e-02  0.000000e+00  0.000000e+00
    11  2  7  0  2.025747e-01  3.134718e-02  -1.350535e-02  0.000000e+00  0.000000e+00
    11  2  8  0  -4.951061e-01  3.134718e-02  -1.035002e-03  0.000000e+00  0.000000e+00
    11  2  9  0  6.193973e-01  3.134718e-02  -5.564375e-02  0.000000e+00  0.000000e+00
    11  2  10  0  1.067782e+00  3.134718e-02  0.000000e+00  0.000000e+00  0.000000e+00
    11  2  11  1  5.709799e-01  3.134718e-02  0.000000e+00  0.000000e+00  0.000000e+00
    11  3  0  0  1.387160e+00  8.507116e-02  -1.169743e-02  0.000000e+00  0.000000e+00
    11  3  1  0  1.176760e+00  8.507116e-02  -2.605009e-02  0.000000e+00  0.000000e+00
    11  3  2  0  1.241366e+00  8.507116e-02  -1.216469e-02  0.000000e+00  0.000000e+00
    11  3  3  0  3.604319e-01  8.507116e-02  -3.285197e-02  0.000000e+00  0.000000e+00
    11  3  4  0  -8.862103e-01  8.507116e-02  -3.629010e-03  0.000000e+00  0.000000e+00
    11  3  5  0  1.271383e+00  8.507116e-02  -6.087643e-02  0.000000e+00  0.000000e+00
    11  3  6  0  1.474897e+00  8.507116e-02  -3.597527e-02  0.000000e+00  0.000000e+00
    11  3  7  0  1.800744e+00  8.507116e-02  3.354858e-03  0.000000e+00  0.000000e+00
    11  3  8  0  5.930518e-01  8.507116e-02  -1.329230e-02  0.000000e+00  0.000000e+00
    11  3  9  0  1.029959e+00  8.507116e-02  -2.998276e-02  0.000000e+00  0.000000e+00
    11  3  10  0  1.059052e+00  8.507116e-02  0.000000e+00  0.000000e+00  0.000000e+00
    11  3  11  1  5.218785e-01  8.507116e-02  0.000000e+00  0.000000e+00  0.000000e+00
    12  0  0  0  2.812447e+00  3.003009e-02  3.902975e-03  0.000000e+00  0.000000e+00
    12  0  1  0  -7.089033e-01  3.003009e-02  -1.252804e-02  0.000000e+00  0.000000e+00
    12  0  2  0  -2.470788e-01  3.003009e-02  -3.336146e-03  0.000000e+00  0.000000e+00
    12  0  3  0  1.752044e+00  3.003009e-02  -2.020028e-02  0.000000e+00  0.000000e+00
    12  0  4  0  -1.341500e-01  3.003009e-02  -2.350476e-02  0.000000e+00  0.000000e+00
    12  0  5  0  3.921900e-01  3.003009e-02  -2.608325e-02  0.000000e+00  0.000000e+00
    12  0  6  0  1.756507e+00  3.003009e-02  -7.558276e-02  0.000000e+00  0.000000e+00
    12  0  7  0  4.306850e+00  3.003009e-02  -2.119797e-02  0.000000e+00  0.000000e+00
    12  0  8  0  5.846678e-01  3.003009e-02  -3.962482e-03  0.000000e+00  0.000000e+00
    12  0  9  0  1.063416e+00  3.003009e-02  1.115394e-02  0.000000e+00  0.000000e+00
    12  0  10  0  1.070949e+00  3.003009e-02  0.000000e+00  0.000000e+00  0.000000e+00
    12  0  11  1  3.658995e+00  3.003009e-02  0.000000e+00  0.000000e+00  0.000000e+00
    12  1  0  0  2.506648e+00  -7.098531e-05  -1.823255e-01  0.000000e+00  0.000000e+00
    12  1  1  0  -9.282355e-01  -7.098531e-05  -8.448007e-02  0.000000e+00  0.000000e+00
    12  1  2  0  3.860717e-01  -7.098531e-05  -6.419521e-02  0.000000e+00  0.000000e+00
    12  1  3  0  -9.179161e-01  -7.098531e-05  -5.444686e-02  0.000000e+00  0.000000e+00
    12  1  4  0  3.098308e+00  -7.098531e-05  -5.896127e-02  0.000000e+00  0.000000e+00
    12  1  5  0  4.057774e-01  -7.098531e-05  -1.008802e-01  0.000000e+00  0.000000e+00
    12  1  6  0  4.420037e-01  -7.098531e-05  -1.684519e-01  0.000000e+00  0.000000e+00
    12  1  7  0  2.318558e+00  -7.098531e-05  -6.062165e-02  0.000000e+00  0.000000e+00
    12  1  8  0  1.503622e-01  -7.098531e-05  -3.746112e-02  0.000000e+00  0.000000e+00
    12  1  9  0  1.081560e+00  -7.098531e-05  -5.141774e-02  0.000000e+00  0.000000e+00
    12  1  10  0  1.094528e+00  -7.098531e-05  0.000000e+00  0.000000e+00  0.000000e+00
    12  1  11  1  -8.171181e+00  -7.098531e-05  0.000000e+00  0.000000e+00  0.000000e+00
    12  2  0  0  1.100253e+00  1.776421e-02  -1.703191e-02  0.000000e+00  0.000000e+00
    12  2  1  0  4.458109e-01  1.776421e-02  -1.538361e-02  0.000000e+00  0.000000e+00
    12  2  2  0  3.935340e-01  1.776421e-02  -1.407371e-01  0.000000e+00  0.000000e+00
    12  2  3  0  -5.613766e-02  1.776421e-02  -4.256853e-02  0.000000e+00  0.000000e+00
    12  2  4  0  3.063951e+00  1.776421e-02  -1.953902e-02  0.000000e+00  0.000000e+00
    12  2  5  0  -6.184694e-01  1.776421e-02  -4.727543e-02  0.000000e+00  0.000000e+00
    12  2  6  0  -9.281197e-02  1.776421e-02  -9.343698e-03  0.000000e+00  0.000000e+00
    12  2  7  0  5.183861e-01  1.776421e-02  -1.579615e-02  0.000000e+00  0.000000e+00
    12  2  8  0  2.033585e+00  1.776421e-02  -1.291236e-02  0.000000e+00  0.000000e+00
    12  2  9  0  1.120585e+00  1.776421e-02  -1.665710e-02  0.000000e+00  0.000000e+00
    12  2  10  0  1.078247e+00  1.776421e-02  0.000000e+00  0.000000e+00  0.000000e+00
    12  2  11  1  5.828184e-01  1.776421e-02  0.000000e+00  0.000000e+00  0.000000e+00
    12  3  0  0  2.603676e+00  -2.227598e-02  -2.811213e-02  0.000000e+00  0.000000e+00
    12  3  1  0  2.771548e+00  -2.227598e-02  -1.942750e-02  0.000000e+00  0.000000e+00
    12  3  2  0  3.950229e-01  -2.227598e-02  -1.425995e-04  0.000000e+00  0.000000e+00
    12  3  3  0  -2.569407e-02  -2.227598e-02  -2.542718e-02  0.000000e+00  0.000000e+00
    12  3  4  0  -3.373647e-01  -2.227598e-02  -2.586972e-02  0.000000e+00  0.000000e+00
    12  3  5  0  5.701844e+00  -2.227598e-02  -2.670157e-02  0.000000e+00  0.000000e+00
    12  3  6  0  1.089391e+00  -2.227598e-02  -5.126615e-02  0.000000e+00  0.000000e+00
    12  3  7  0  1.768244e+00  -2.227598e-02  -4.335467e-02  0.000000e+00  0.000000e+00
    12  3  8  0  3.090616e+00  -2.227598e-02  9.424733e-03  0.000000e+00  0.000000e+00
    12  3  9  0  1.072773e+00  -2.227598e-02  8.861055e-03  0.000000e+00  0.000000e+00
    12  3  10  0  1.049902e+00  -2.227598e-02  0.000000e+00  0.000000e+00  0.000000e+00
    12  3  11  1  1.735932e+00  -2.227598e-02  0.000000e+00  0.000000e+00  0.000000e+00
    13  0  0  0  2.233064e+00  8.414098e-03  4.364561e-03  0.000000e+00  0.000000e+00
    13  0  1  0  6.294668e-02  8.414098e-03  1.195232e-02  0.000000e+00  0.000000e+00
    13  0  2  0  -1.075708e-01  8.414098e-03  -4.196291e-03  0.000000e+00  0.000000e+00
    13  0  3  0  1.623902e+00  8.414098e-03  -3.182548e-02  0.000000e+00  0.000000e+00
    13  0  4  0  -8.171123e-01  8.414098e-03  -1.798221e-02  0.000000e+00  0.000000e+00
    13  0  5  0  3.841889e-01  8.414098e-03  -1.241839e-02  0.000000e+00  0.000000e+00
    13  0  6  0  4.581048e-02  8.414098e-03  -2.651533e-02  0.000000e+00  0.000000e+00
    13  0  7  0  4.993377e-01  8.414098e-03  -3.044249e-02  0.000000e+00  0.000000e+00
    13  0  8  0  5.850624e-01  8.414098e-03  -1.428140e-02  0.000000e+00  0.000000e+00
    13  0  9  0  1.094874e+00  8.414098e-03  -2.973899e-02  0.000000e+00  0.000000e+00
    13  0  10  0  1.110097e+00  8.414098e-03  0.000000e+00  0.000000e+00  0.000000e+00
    13  0  11  1  2.140271e+00  8.414098e-03  0.000000e+00  0.000000e+00  0.000000e+00
    13  1  0  0  -1.159959e+00  -6.080996e-02  -4.698385e-03  0.000000e+00  0.000000e+00
    13  1  1  0  -1.986967e+00  -6.080996e-02  -1.031528e-02  0.000000e+00  0.000000e+00
    13  1  2  0  5.511036e+00  -6.080996e-02  3.058158e-03  0.000000e+00  0.000000e+00
    13  1  3  0  3.953636e+00  -6.080996e-02  -3.993016e-02  0.000000e+00  0.000000e+00
    13  1  4  0  1.636181e+00  -6.080996e-02  -2.754357e-02  0.000000e+00  0.000000e+00
    13  1  5  0  4.680955e-01  -6.080996e-02  -3.430782e-02  0.000000e+00  0.000000e+00
    13  1  6  0  1.749887e+00  -6.080996e-02  -2.056873e-02  0.000000e+00  0.000000e+00
    13  1  7  0  1.775547e+00  -6.080996e-02  2.766235e-04  0.000000e+00  0.000000e+00
    13  1  8  0  1.571591e+00  -6.080996e-02  -1.643661e-02  0.000000e+00  0.000000e+00
    13  1  9  0  1.067144e+00  -6.080996e-02  1.171700e-03  0.000000e+00  0.000000e+00
    13  1  10  0  1.029812e+00  -6.080996e-02  0.000000e+00  0.000000e+00  0.000000e+00
    13  1  11  1  1.807146e+00  -6.080996e-02  0.000000e+00  0.000000e+00  0.000000e+00
    13  2  0  0  1.664894e+00  4.672875e-03  2.363202e-02  0.000000e+00  0.000000e+00
    13  2  1  0  -1.692766e+00  4.672875e-03  -2.335601e-02  0.000000e+00  0.000000e+00
    13  2  2  0  3.968332e-01  4.672875e-03  -1.842519e-02  0.000000e+00  0.000000e+00
    13  2  3  0  -7.267246e-01  4.672875e-03  -2.942767e-02  0.000000e+00  0.000000e+00
    13  2  4  0  3.266052e+00  4.672875e-03  -3.843010e-02  0.000000e+00  0.000000e+00
    13  2  5  0  -1.521531e-01  4.672875e-03  -9.826260e-02  0.000000e+00  0.000000e+00
    13  2  6  0  2.434540e+00  4.672875e-03  -3.009173e-02  0.000000e+00  0.000000e+00
    13  2  7  0  -9.448085e-01  4.672875e-03  -1.207024e-03  0.000000e+00  0.000000e+00
    13  2  8  0  -1.572657e-01  4.672875e-03  -1.964894e-02  0.000000e+00  0.000000e+00
    13  2  9  0  1.058540e+00  4.672875e-03  -1.268835e-02  0.000000e+00  0.000000e+00
    13  2  10  0  1.063336e+00  4.672875e-03  0.000000e+00  0.000000e+00  0.000000e+00
    13  2  11  1  0.000000e+00  0.000000e+00  0.000000e+00  0.000000e+00  0.000000e+00
    13  3  0  0  0.000000e+00  0.000000e+00  0.000000e+00  0.000000e+00  0.000000e+00
    13  3  1  0  0.000000e+00  0.000000e+00  0.000000e+00  0.000000e+00  0.000000e+00
    13  3  2  0  0.000000e+00  0.000000e+00  0.000000e+00  0.000000e+00  0.000000e+00
    13  3  3  0  0.000000e+00  0.000000e+00  0.000000e+00  0.000000e+00  0.000000e+00
    13  3  4  0  0.000000e+00  0.000000e+00  0.000000e+00  0.000000e+00  0.000000e+00
    13  3  5  0  0.000000e+00  0.000000e+00  0.000000e+00  0.000000e+00  0.000000e+00
    13  3  6  0  0.000000e+00  0.000000e+00  0.000000e+00  0.000000e+00  0.000000e+00
    13  3  7  0  0.000000e+00  0.000000e+00  0.000000e+00  0.000000e+00  0.000000e+00
    13  3  8  0  0.000000e+00  0.000000e+00  0.000000e+00  0.000000e+00  0.000000e+00
    13  3  9  0  0.000000e+00  0.000000e+00  0.000000e+00  0.000000e+00  0.000000e+00
    13  3  10  0  0.000000e+00  0.000000e+00  0.000000e+00  0.000000e+00  0.000000e+00
    13  3  11  1  0.000000e+00  0.000000e+00  0.000000e+00  0.000000e+00  0.000000e+00
    14  0  0  0  0.000000e+00  0.000000e+00  0.000000e+00  0.000000e+00  0.000000e+00
    14  0  1  0  0.000000e+00  0.000000e+00  0.000000e+00  0.000000e+00  0.000000e+00
    14  0  2  0  0.000000e+00  0.000000e+00  0.000000e+00  0.000000e+00  0.000000e+00
    14  0  3  0  0.000000e+00  0.000000e+00  0.000000e+00  0.000000e+00  0.000000e+00
    14  0  4  0  0.000000e+00  0.000000e+00  0.000000e+00  0.000000e+00  0.000000e+00
    14  0  5  0  0.000000e+00  0.000000e+00  0.000000e+00  0.000000e+00  0.000000e+00
    14  0  6  0  0.000000e+00  0.000000e+00  0.000000e+00  0.000000e+00  0.000000e+00
    14  0  7  0  0.000000e+00  0.000000e+00  0.000000e+00  0.000000e+00  0.000000e+00
    14  0  8  0  0.000000e+00  0.000000e+00  0.000000e+00  0.000000e+00  0.000000e+00
    14  0  9  0  0.000000e+00  0.000000e+00  0.000000e+00  0.000000e+00  0.000000e+00
    14  0  10  0  0.000000e+00  0.000000e+00  0.000000e+00  0.000000e+00  0.000000e+00
    14  0  11  1  0.000000e+00  0.000000e+00  0.000000e+00  0.000000e+00  0.000000e+00
    14  1  0  0  0.000000e+00  0.000000e+00  0.000000e+00  0.000000e+00  0.000000e+00
    14  1  1  0  0.000000e+00  0.000000e+00  0.000000e+00  0.000000e+00  0.000000e+00
    14  1  2  0  0.000000e+00  0.000000e+00  0.000000e+00  0.000000e+00  0.000000e+00
    14  1  3  0  0.000000e+00  0.000000e+00  0.000000e+00  0.000000e+00  0.000000e+00
    14  1  4  0  0.000000e+00  0.000000e+00  0.000000e+00  0.000000e+00  0.000000e+00
    14  1  5  0  0.000000e+00  0.000000e+00  0.000000e+00  0.000000e+00  0.000000e+00
    14  1  6  0  0.000000e+00  0.000000e+00  0.000000e+00  0.000000e+00  0.000000e+00
    14  1  7  0  0.000000e+00  0.000000e+00  0.000000e+00  0.000000e+00  0.000000e+00
    14  1  8  0  0.000000e+00  0.000000e+00  0.000000e+00  0.000000e+00  0.000000e+00
    14  1  9  0  0.000000e+00  0.000000e+00  0.000000e+00  0.000000e+00  0.000000e+00
    14  1  10  0  0.000000e+00  0.000000e+00  0.000000e+00  0.000000e+00  0.000000e+00
    14  1  11  1  0.000000e+00  0.000000e+00  0.000000e+00  0.000000e+00  0.000000e+00
    14  2  0  0  0.000000e+00  0.000000e+00  0.000000e+00  0.000000e+00  0.000000e+00
    14  2  1  0  0.000000e+00  0.000000e+00  0.000000e+00  0.000000e+00  0.000000e+00
    14  2  2  0  0.000000e+00  0.000000e+00  0.000000e+00  0.000000e+00  0.000000e+00
    14  2  3  0  0.000000e+00  0.000000e+00  0.000000e+00  0.000000e+00  0.000000e+00
    14  2  4  0  0.000000e+00  0.000000e+00  0.000000e+00  0.000000e+00  0.000000e+00
    14  2  5  0  0.000000e+00  0.000000e+00  0.000000e+00  0.000000e+00  0.000000e+00
    14  2  6  0  0.000000e+00  0.000000e+00  0.000000e+00  0.000000e+00  0.000000e+00
    14  2  7  0  0.000000e+00  0.000000e+00  0.000000e+00  0.000000e+00  0.000000e+00
    14  2  8  0  0.000000e+00  0.000000e+00  0.000000e+00  0.000000e+00  0.000000e+00
    14  2  9  0  0.000000e+00  0.000000e+00  0.000000e+00  0.000000e+00  0.000000e+00
    14  2  10  0  0.000000e+00  0.000000e+00  0.000000e+00  0.000000e+00  0.000000e+00
    14  2  11  1  0.000000e+00  0.000000e+00  0.000000e+00  0.000000e+00  0.000000e+00
    14  3  0  0  0.000000e+00  0.000000e+00  0.000000e+00  0.000000e+00  0.000000e+00
    14  3  1  0  0.000000e+00  0.000000e+00  0.000000e+00  0.000000e+00  0.000000e+00
    14  3  2  0  0.000000e+00  0.000000e+00  0.000000e+00  0.000000e+00  0.000000e+00
    14  3  3  0  0.000000e+00  0.000000e+00  0.000000e+00  0.000000e+00  0.000000e+00
    14  3  4  0  0.000000e+00  0.000000e+00  0.000000e+00  0.000000e+00  0.000000e+00
    14  3  5  0  0.000000e+00  0.000000e+00  0.000000e+00  0.000000e+00  0.000000e+00
    14  3  6  0  0.000000e+00  0.000000e+00  0.000000e+00  0.000000e+00  0.000000e+00
    14  3  7  0  0.000000e+00  0.000000e+00  0.000000e+00  0.000000e+00  0.000000e+00
    14  3  8  0  0.000000e+00  0.000000e+00  0.000000e+00  0.000000e+00  0.000000e+00
    14  3  9  0  0.000000e+00  0.000000e+00  0.000000e+00  0.000000e+00  0.000000e+00
    14  3  10  0  0.000000e+00  0.000000e+00  0.000000e+00  0.000000e+00  0.000000e+00
    14  3  11  1  0.000000e+00  0.000000e+00  0.000000e+00  0.000000e+00  0.000000e+00
