    0   0   0   0.000000e+00   0.000000e+00   0.000000e+00   0.000000e+00
    0   0   1   0.000000e+00   0.000000e+00   0.000000e+00   0.000000e+00
    0   0   2   0.000000e+00   0.000000e+00   0.000000e+00   0.000000e+00
    0   0   3   0.000000e+00   0.000000e+00   0.000000e+00   0.000000e+00
    0   0   4   0.000000e+00   0.000000e+00   0.000000e+00   0.000000e+00
    0   0   5   0.000000e+00   0.000000e+00   0.000000e+00   0.000000e+00
    0   0   6   0.000000e+00   0.000000e+00   0.000000e+00   0.000000e+00
    0   0   7   0.000000e+00   0.000000e+00   0.000000e+00   0.000000e+00
    0   0   8   0.000000e+00   0.000000e+00   0.000000e+00   0.000000e+00
    0   0   9   0.000000e+00   0.000000e+00   0.000000e+00   0.000000e+00
    0   0   10   -2.012250e+02   1.576507e+02   0.000000e+00   0.000000e+00
    0   1   0   0.000000e+00   0.000000e+00   0.000000e+00   0.000000e+00
    0   1   1   0.000000e+00   0.000000e+00   0.000000e+00   0.000000e+00
    0   1   2   0.000000e+00   0.000000e+00   0.000000e+00   0.000000e+00
    0   1   3   0.000000e+00   0.000000e+00   0.000000e+00   0.000000e+00
    0   1   4   0.000000e+00   0.000000e+00   0.000000e+00   0.000000e+00
    0   1   5   0.000000e+00   0.000000e+00   0.000000e+00   0.000000e+00
    0   1   6   0.000000e+00   0.000000e+00   0.000000e+00   0.000000e+00
    0   1   7   0.000000e+00   0.000000e+00   0.000000e+00   0.000000e+00
    0   1   8   0.000000e+00   0.000000e+00   0.000000e+00   0.000000e+00
    0   1   9   0.000000e+00   0.000000e+00   0.000000e+00   0.000000e+00
    0   1   10   1.637066e+02   1.823317e+02   0.000000e+00   0.000000e+00
    0   2   0   0.000000e+00   0.000000e+00   0.000000e+00   0.000000e+00
    0   2   1   0.000000e+00   0.000000e+00   0.000000e+00   0.000000e+00
    0   2   2   0.000000e+00   0.000000e+00   0.000000e+00   0.000000e+00
    0   2   3   0.000000e+00   0.000000e+00   0.000000e+00   0.000000e+00
    0   2   4   0.000000e+00   0.000000e+00   0.000000e+00   0.000000e+00
    0   2   5   0.000000e+00   0.000000e+00   0.000000e+00   0.000000e+00
    0   2   6   0.000000e+00   0.000000e+00   0.000000e+00   0.000000e+00
    0   2   7   0.000000e+00   0.000000e+00   0.000000e+00   0.000000e+00
    0   2   8   0.000000e+00   0.000000e+00   0.000000e+00   0.000000e+00
    0   2   9   0.000000e+00   0.000000e+00   0.000000e+00   0.000000e+00
    0   2   10   5.686635e+03   3.353149e+05   0.000000e+00   0.000000e+00
    0   3   0   0.000000e+00   0.000000e+00   0.000000e+00   0.000000e+00
    0   3   1   0.000000e+00   0.000000e+00   0.000000e+00   0.000000e+00
    0   3   2   0.000000e+00   0.000000e+00   0.000000e+00   0.000000e+00
    0   3   3   0.000000e+00   0.000000e+00   0.000000e+00   0.000000e+00
    0   3   4   0.000000e+00   0.000000e+00   0.000000e+00   0.000000e+00
    0   3   5   0.000000e+00   0.000000e+00   0.000000e+00   0.000000e+00
    0   3   6   0.000000e+00   0.000000e+00   0.000000e+00   0.000000e+00
    0   3   7   0.000000e+00   0.000000e+00   0.000000e+00   0.000000e+00
    0   3   8   0.000000e+00   0.000000e+00   0.000000e+00   0.000000e+00
    0   3   9   0.000000e+00   0.000000e+00   0.000000e+00   0.000000e+00
    0   3   10   4.380498e+02   1.054925e+03   0.000000e+00   0.000000e+00
    1   0   0   0.000000e+00   0.000000e+00   0.000000e+00   0.000000e+00
    1   0   1   0.000000e+00   0.000000e+00   0.000000e+00   0.000000e+00
    1   0   2   0.000000e+00   0.000000e+00   0.000000e+00   0.000000e+00
    1   0   3   0.000000e+00   0.000000e+00   0.000000e+00   0.000000e+00
    1   0   4   0.000000e+00   0.000000e+00   0.000000e+00   0.000000e+00
    1   0   5   0.000000e+00   0.000000e+00   0.000000e+00   0.000000e+00
    1   0   6   0.000000e+00   0.000000e+00   0.000000e+00   0.000000e+00
    1   0   7   0.000000e+00   0.000000e+00   0.000000e+00   0.000000e+00
    1   0   8   0.000000e+00   0.000000e+00   0.000000e+00   0.000000e+00
    1   0   9   0.000000e+00   0.000000e+00   0.000000e+00   0.000000e+00
    1   0   10   -3.413998e+02   7.903896e+02   0.000000e+00   0.000000e+00
    1   1   0   0.000000e+00   0.000000e+00   0.000000e+00   0.000000e+00
    1   1   1   0.000000e+00   0.000000e+00   0.000000e+00   0.000000e+00
    1   1   2   0.000000e+00   0.000000e+00   0.000000e+00   0.000000e+00
    1   1   3   0.000000e+00   0.000000e+00   0.000000e+00   0.000000e+00
    1   1   4   0.000000e+00   0.000000e+00   0.000000e+00   0.000000e+00
    1   1   5   0.000000e+00   0.000000e+00   0.000000e+00   0.000000e+00
    1   1   6   0.000000e+00   0.000000e+00   0.000000e+00   0.000000e+00
    1   1   7   0.000000e+00   0.000000e+00   0.000000e+00   0.000000e+00
    1   1   8   0.000000e+00   0.000000e+00   0.000000e+00   0.000000e+00
    1   1   9   0.000000e+00   0.000000e+00   0.000000e+00   0.000000e+00
    1   1   10   -1.835877e+02   3.208046e+02   0.000000e+00   0.000000e+00
    1   2   0   0.000000e+00   0.000000e+00   0.000000e+00   0.000000e+00
    1   2   1   0.000000e+00   0.000000e+00   0.000000e+00   0.000000e+00
    1   2   2   0.000000e+00   0.000000e+00   0.000000e+00   0.000000e+00
    1   2   3   0.000000e+00   0.000000e+00   0.000000e+00   0.000000e+00
    1   2   4   0.000000e+00   0.000000e+00   0.000000e+00   0.000000e+00
    1   2   5   0.000000e+00   0.000000e+00   0.000000e+00   0.000000e+00
    1   2   6   0.000000e+00   0.000000e+00   0.000000e+00   0.000000e+00
    1   2   7   0.000000e+00   0.000000e+00   0.000000e+00   0.000000e+00
    1   2   8   0.000000e+00   0.000000e+00   0.000000e+00   0.000000e+00
    1   2   9   0.000000e+00   0.000000e+00   0.000000e+00   0.000000e+00
    1   2   10   1.296509e+02   6.708365e+01   0.000000e+00   0.000000e+00
    1   3   0   0.000000e+00   0.000000e+00   0.000000e+00   0.000000e+00
    1   3   1   0.000000e+00   0.000000e+00   0.000000e+00   0.000000e+00
    1   3   2   0.000000e+00   0.000000e+00   0.000000e+00   0.000000e+00
    1   3   3   0.000000e+00   0.000000e+00   0.000000e+00   0.000000e+00
    1   3   4   0.000000e+00   0.000000e+00   0.000000e+00   0.000000e+00
    1   3   5   0.000000e+00   0.000000e+00   0.000000e+00   0.000000e+00
    1   3   6   0.000000e+00   0.000000e+00   0.000000e+00   0.000000e+00
    1   3   7   0.000000e+00   0.000000e+00   0.000000e+00   0.000000e+00
    1   3   8   0.000000e+00   0.000000e+00   0.000000e+00   0.000000e+00
    1   3   9   0.000000e+00   0.000000e+00   0.000000e+00   0.000000e+00
    1   3   10   8.892061e+02   3.923962e+03   0.000000e+00   0.000000e+00
    2   0   0   0.000000e+00   0.000000e+00   0.000000e+00   0.000000e+00
    2   0   1   0.000000e+00   0.000000e+00   0.000000e+00   0.000000e+00
    2   0   2   0.000000e+00   0.000000e+00   0.000000e+00   0.000000e+00
    2   0   3   0.000000e+00   0.000000e+00   0.000000e+00   0.000000e+00
    2   0   4   0.000000e+00   0.000000e+00   0.000000e+00   0.000000e+00
    2   0   5   0.000000e+00   0.000000e+00   0.000000e+00   0.000000e+00
    2   0   6   0.000000e+00   0.000000e+00   0.000000e+00   0.000000e+00
    2   0   7   0.000000e+00   0.000000e+00   0.000000e+00   0.000000e+00
    2   0   8   0.000000e+00   0.000000e+00   0.000000e+00   0.000000e+00
    2   0   9   0.000000e+00   0.000000e+00   0.000000e+00   0.000000e+00
    2   0   10   -1.460271e+02   8.360655e+01   0.000000e+00   0.000000e+00
    2   1   0   0.000000e+00   0.000000e+00   0.000000e+00   0.000000e+00
    2   1   1   0.000000e+00   0.000000e+00   0.000000e+00   0.000000e+00
    2   1   2   0.000000e+00   0.000000e+00   0.000000e+00   0.000000e+00
    2   1   3   0.000000e+00   0.000000e+00   0.000000e+00   0.000000e+00
    2   1   4   0.000000e+00   0.000000e+00   0.000000e+00   0.000000e+00
    2   1   5   0.000000e+00   0.000000e+00   0.000000e+00   0.000000e+00
    2   1   6   0.000000e+00   0.000000e+00   0.000000e+00   0.000000e+00
    2   1   7   0.000000e+00   0.000000e+00   0.000000e+00   0.000000e+00
    2   1   8   0.000000e+00   0.000000e+00   0.000000e+00   0.000000e+00
    2   1   9   0.000000e+00   0.000000e+00   0.000000e+00   0.000000e+00
    2   1   10   -6.432890e+01   7.269109e+01   0.000000e+00   0.000000e+00
    2   2   0   0.000000e+00   0.000000e+00   0.000000e+00   0.000000e+00
    2   2   1   0.000000e+00   0.000000e+00   0.000000e+00   0.000000e+00
    2   2   2   0.000000e+00   0.000000e+00   0.000000e+00   0.000000e+00
    2   2   3   0.000000e+00   0.000000e+00   0.000000e+00   0.000000e+00
    2   2   4   0.000000e+00   0.000000e+00   0.000000e+00   0.000000e+00
    2   2   5   0.000000e+00   0.000000e+00   0.000000e+00   0.000000e+00
    2   2   6   0.000000e+00   0.000000e+00   0.000000e+00   0.000000e+00
    2   2   7   0.000000e+00   0.000000e+00   0.000000e+00   0.000000e+00
    2   2   8   0.000000e+00   0.000000e+00   0.000000e+00   0.000000e+00
    2   2   9   0.000000e+00   0.000000e+00   0.000000e+00   0.000000e+00
    2   2   10   -6.388213e+02   2.836810e+03   0.000000e+00   0.000000e+00
    2   3   0   0.000000e+00   0.000000e+00   0.000000e+00   0.000000e+00
    2   3   1   0.000000e+00   0.000000e+00   0.000000e+00   0.000000e+00
    2   3   2   0.000000e+00   0.000000e+00   0.000000e+00   0.000000e+00
    2   3   3   0.000000e+00   0.000000e+00   0.000000e+00   0.000000e+00
    2   3   4   0.000000e+00   0.000000e+00   0.000000e+00   0.000000e+00
    2   3   5   0.000000e+00   0.000000e+00   0.000000e+00   0.000000e+00
    2   3   6   0.000000e+00   0.000000e+00   0.000000e+00   0.000000e+00
    2   3   7   0.000000e+00   0.000000e+00   0.000000e+00   0.000000e+00
    2   3   8   0.000000e+00   0.000000e+00   0.000000e+00   0.000000e+00
    2   3   9   0.000000e+00   0.000000e+00   0.000000e+00   0.000000e+00
    2   3   10   4.147228e+01   2.048362e+01   0.000000e+00   0.000000e+00
    3   0   0   0.000000e+00   0.000000e+00   0.000000e+00   0.000000e+00
    3   0   1   0.000000e+00   0.000000e+00   0.000000e+00   0.000000e+00
    3   0   2   0.000000e+00   0.000000e+00   0.000000e+00   0.000000e+00
    3   0   3   0.000000e+00   0.000000e+00   0.000000e+00   0.000000e+00
    3   0   4   0.000000e+00   0.000000e+00   0.000000e+00   0.000000e+00
    3   0   5   0.000000e+00   0.000000e+00   0.000000e+00   0.000000e+00
    3   0   6   0.000000e+00   0.000000e+00   0.000000e+00   0.000000e+00
    3   0   7   0.000000e+00   0.000000e+00   0.000000e+00   0.000000e+00
    3   0   8   0.000000e+00   0.000000e+00   0.000000e+00   0.000000e+00
    3   0   9   0.000000e+00   0.000000e+00   0.000000e+00   0.000000e+00
    3   0   10   -5.805097e+02   2.103522e+03   0.000000e+00   0.000000e+00
    3   1   0   0.000000e+00   0.000000e+00   0.000000e+00   0.000000e+00
    3   1   1   0.000000e+00   0.000000e+00   0.000000e+00   0.000000e+00
    3   1   2   0.000000e+00   0.000000e+00   0.000000e+00   0.000000e+00
    3   1   3   0.000000e+00   0.000000e+00   0.000000e+00   0.000000e+00
    3   1   4   0.000000e+00   0.000000e+00   0.000000e+00   0.000000e+00
    3   1   5   0.000000e+00   0.000000e+00   0.000000e+00   0.000000e+00
    3   1   6   0.000000e+00   0.000000e+00   0.000000e+00   0.000000e+00
    3   1   7   0.000000e+00   0.000000e+00   0.000000e+00   0.000000e+00
    3   1   8   0.000000e+00   0.000000e+00   0.000000e+00   0.000000e+00
    3   1   9   0.000000e+00   0.000000e+00   0.000000e+00   0.000000e+00
    3   1   10   -1.084902e+02   4.073326e+01   0.000000e+00   0.000000e+00
    3   2   0   0.000000e+00   0.000000e+00   0.000000e+00   0.000000e+00
    3   2   1   0.000000e+00   0.000000e+00   0.000000e+00   0.000000e+00
    3   2   2   0.000000e+00   0.000000e+00   0.000000e+00   0.000000e+00
    3   2   3   0.000000e+00   0.000000e+00   0.000000e+00   0.000000e+00
    3   2   4   0.000000e+00   0.000000e+00   0.000000e+00   0.000000e+00
    3   2   5   0.000000e+00   0.000000e+00   0.000000e+00   0.000000e+00
    3   2   6   0.000000e+00   0.000000e+00   0.000000e+00   0.000000e+00
    3   2   7   0.000000e+00   0.000000e+00   0.000000e+00   0.000000e+00
    3   2   8   0.000000e+00   0.000000e+00   0.000000e+00   0.000000e+00
    3   2   9   0.000000e+00   0.000000e+00   0.000000e+00   0.000000e+00
    3   2   10   1.730612e+02   3.601293e+02   0.000000e+00   0.000000e+00
    3   3   0   0.000000e+00   0.000000e+00   0.000000e+00   0.000000e+00
    3   3   1   0.000000e+00   0.000000e+00   0.000000e+00   0.000000e+00
    3   3   2   0.000000e+00   0.000000e+00   0.000000e+00   0.000000e+00
    3   3   3   0.000000e+00   0.000000e+00   0.000000e+00   0.000000e+00
    3   3   4   0.000000e+00   0.000000e+00   0.000000e+00   0.000000e+00
    3   3   5   0.000000e+00   0.000000e+00   0.000000e+00   0.000000e+00
    3   3   6   0.000000e+00   0.000000e+00   0.000000e+00   0.000000e+00
    3   3   7   0.000000e+00   0.000000e+00   0.000000e+00   0.000000e+00
    3   3   8   0.000000e+00   0.000000e+00   0.000000e+00   0.000000e+00
    3   3   9   0.000000e+00   0.000000e+00   0.000000e+00   0.000000e+00
    3   3   10   2.765435e+02   1.253176e+02   0.000000e+00   0.000000e+00
    4   0   0   0.000000e+00   0.000000e+00   0.000000e+00   0.000000e+00
    4   0   1   0.000000e+00   0.000000e+00   0.000000e+00   0.000000e+00
    4   0   2   0.000000e+00   0.000000e+00   0.000000e+00   0.000000e+00
    4   0   3   0.000000e+00   0.000000e+00   0.000000e+00   0.000000e+00
    4   0   4   0.000000e+00   0.000000e+00   0.000000e+00   0.000000e+00
    4   0   5   0.000000e+00   0.000000e+00   0.000000e+00   0.000000e+00
    4   0   6   0.000000e+00   0.000000e+00   0.000000e+00   0.000000e+00
    4   0   7   0.000000e+00   0.000000e+00   0.000000e+00   0.000000e+00
    4   0   8   0.000000e+00   0.000000e+00   0.000000e+00   0.000000e+00
    4   0   9   0.000000e+00   0.000000e+00   0.000000e+00   0.000000e+00
    4   0   10   -1.173049e+02   9.287778e+01   0.000000e+00   0.000000e+00
    4   1   0   0.000000e+00   0.000000e+00   0.000000e+00   0.000000e+00
    4   1   1   0.000000e+00   0.000000e+00   0.000000e+00   0.000000e+00
    4   1   2   0.000000e+00   0.000000e+00   0.000000e+00   0.000000e+00
    4   1   3   0.000000e+00   0.000000e+00   0.000000e+00   0.000000e+00
    4   1   4   0.000000e+00   0.000000e+00   0.000000e+00   0.000000e+00
    4   1   5   0.000000e+00   0.000000e+00   0.000000e+00   0.000000e+00
    4   1   6   0.000000e+00   0.000000e+00   0.000000e+00   0.000000e+00
    4   1   7   0.000000e+00   0.000000e+00   0.000000e+00   0.000000e+00
    4   1   8   0.000000e+00   0.000000e+00   0.000000e+00   0.000000e+00
    4   1   9   0.000000e+00   0.000000e+00   0.000000e+00   0.000000e+00
    4   1   10   -8.854068e+01   4.485906e+01   0.000000e+00   0.000000e+00
    4   2   0   0.000000e+00   0.000000e+00   0.000000e+00   0.000000e+00
    4   2   1   0.000000e+00   0.000000e+00   0.000000e+00   0.000000e+00
    4   2   2   0.000000e+00   0.000000e+00   0.000000e+00   0.000000e+00
    4   2   3   0.000000e+00   0.000000e+00   0.000000e+00   0.000000e+00
    4   2   4   0.000000e+00   0.000000e+00   0.000000e+00   0.000000e+00
    4   2   5   0.000000e+00   0.000000e+00   0.000000e+00   0.000000e+00
    4   2   6   0.000000e+00   0.000000e+00   0.000000e+00   0.000000e+00
    4   2   7   0.000000e+00   0.000000e+00   0.000000e+00   0.000000e+00
    4   2   8   0.000000e+00   0.000000e+00   0.000000e+00   0.000000e+00
    4   2   9   0.000000e+00   0.000000e+00   0.000000e+00   0.000000e+00
    4   2   10   -9.367530e+01   1.164977e+02   0.000000e+00   0.000000e+00
    4   3   0   0.000000e+00   0.000000e+00   0.000000e+00   0.000000e+00
    4   3   1   0.000000e+00   0.000000e+00   0.000000e+00   0.000000e+00
    4   3   2   0.000000e+00   0.000000e+00   0.000000e+00   0.000000e+00
    4   3   3   0.000000e+00   0.000000e+00   0.000000e+00   0.000000e+00
    4   3   4   0.000000e+00   0.000000e+00   0.000000e+00   0.000000e+00
    4   3   5   0.000000e+00   0.000000e+00   0.000000e+00   0.000000e+00
    4   3   6   0.000000e+00   0.000000e+00   0.000000e+00   0.000000e+00
    4   3   7   0.000000e+00   0.000000e+00   0.000000e+00   0.000000e+00
    4   3   8   0.000000e+00   0.000000e+00   0.000000e+00   0.000000e+00
    4   3   9   0.000000e+00   0.000000e+00   0.000000e+00   0.000000e+00
    4   3   10   -8.638687e+02   8.018113e+03   0.000000e+00   0.000000e+00
    5   0   0   0.000000e+00   0.000000e+00   0.000000e+00   0.000000e+00
    5   0   1   0.000000e+00   0.000000e+00   0.000000e+00   0.000000e+00
    5   0   2   0.000000e+00   0.000000e+00   0.000000e+00   0.000000e+00
    5   0   3   0.000000e+00   0.000000e+00   0.000000e+00   0.000000e+00
    5   0   4   0.000000e+00   0.000000e+00   0.000000e+00   0.000000e+00
    5   0   5   0.000000e+00   0.000000e+00   0.000000e+00   0.000000e+00
    5   0   6   0.000000e+00   0.000000e+00   0.000000e+00   0.000000e+00
    5   0   7   0.000000e+00   0.000000e+00   0.000000e+00   0.000000e+00
    5   0   8   0.000000e+00   0.000000e+00   0.000000e+00   0.000000e+00
    5   0   9   0.000000e+00   0.000000e+00   0.000000e+00   0.000000e+00
    5   0   10   -5.784849e+02   1.521643e+03   0.000000e+00   0.000000e+00
    5   1   0   0.000000e+00   0.000000e+00   0.000000e+00   0.000000e+00
    5   1   1   0.000000e+00   0.000000e+00   0.000000e+00   0.000000e+00
    5   1   2   0.000000e+00   0.000000e+00   0.000000e+00   0.000000e+00
    5   1   3   0.000000e+00   0.000000e+00   0.000000e+00   0.000000e+00
    5   1   4   0.000000e+00   0.000000e+00   0.000000e+00   0.000000e+00
    5   1   5   0.000000e+00   0.000000e+00   0.000000e+00   0.000000e+00
    5   1   6   0.000000e+00   0.000000e+00   0.000000e+00   0.000000e+00
    5   1   7   0.000000e+00   0.000000e+00   0.000000e+00   0.000000e+00
    5   1   8   0.000000e+00   0.000000e+00   0.000000e+00   0.000000e+00
    5   1   9   0.000000e+00   0.000000e+00   0.000000e+00   0.000000e+00
    5   1   10   3.981819e+02   5.203453e+02   0.000000e+00   0.000000e+00
    5   2   0   0.000000e+00   0.000000e+00   0.000000e+00   0.000000e+00
    5   2   1   0.000000e+00   0.000000e+00   0.000000e+00   0.000000e+00
    5   2   2   0.000000e+00   0.000000e+00   0.000000e+00   0.000000e+00
    5   2   3   0.000000e+00   0.000000e+00   0.000000e+00   0.000000e+00
    5   2   4   0.000000e+00   0.000000e+00   0.000000e+00   0.000000e+00
    5   2   5   0.000000e+00   0.000000e+00   0.000000e+00   0.000000e+00
    5   2   6   0.000000e+00   0.000000e+00   0.000000e+00   0.000000e+00
    5   2   7   0.000000e+00   0.000000e+00   0.000000e+00   0.000000e+00
    5   2   8   0.000000e+00   0.000000e+00   0.000000e+00   0.000000e+00
    5   2   9   0.000000e+00   0.000000e+00   0.000000e+00   0.000000e+00
    5   2   10   7.793978e+01   8.603832e+01   0.000000e+00   0.000000e+00
    5   3   0   0.000000e+00   0.000000e+00   0.000000e+00   0.000000e+00
    5   3   1   0.000000e+00   0.000000e+00   0.000000e+00   0.000000e+00
    5   3   2   0.000000e+00   0.000000e+00   0.000000e+00   0.000000e+00
    5   3   3   0.000000e+00   0.000000e+00   0.000000e+00   0.000000e+00
    5   3   4   0.000000e+00   0.000000e+00   0.000000e+00   0.000000e+00
    5   3   5   0.000000e+00   0.000000e+00   0.000000e+00   0.000000e+00
    5   3   6   0.000000e+00   0.000000e+00   0.000000e+00   0.000000e+00
    5   3   7   0.000000e+00   0.000000e+00   0.000000e+00   0.000000e+00
    5   3   8   0.000000e+00   0.000000e+00   0.000000e+00   0.000000e+00
    5   3   9   0.000000e+00   0.000000e+00   0.000000e+00   0.000000e+00
    5   3   10   -4.158317e+02   3.019418e+03   0.000000e+00   0.000000e+00
    6   0   0   0.000000e+00   0.000000e+00   0.000000e+00   0.000000e+00
    6   0   1   0.000000e+00   0.000000e+00   0.000000e+00   0.000000e+00
    6   0   2   0.000000e+00   0.000000e+00   0.000000e+00   0.000000e+00
    6   0   3   0.000000e+00   0.000000e+00   0.000000e+00   0.000000e+00
    6   0   4   0.000000e+00   0.000000e+00   0.000000e+00   0.000000e+00
    6   0   5   0.000000e+00   0.000000e+00   0.000000e+00   0.000000e+00
    6   0   6   0.000000e+00   0.000000e+00   0.000000e+00   0.000000e+00
    6   0   7   0.000000e+00   0.000000e+00   0.000000e+00   0.000000e+00
    6   0   8   0.000000e+00   0.000000e+00   0.000000e+00   0.000000e+00
    6   0   9   0.000000e+00   0.000000e+00   0.000000e+00   0.000000e+00
    6   0   10   2.747518e+02   4.356773e+02   0.000000e+00   0.000000e+00
    6   1   0   0.000000e+00   0.000000e+00   0.000000e+00   0.000000e+00
    6   1   1   0.000000e+00   0.000000e+00   0.000000e+00   0.000000e+00
    6   1   2   0.000000e+00   0.000000e+00   0.000000e+00   0.000000e+00
    6   1   3   0.000000e+00   0.000000e+00   0.000000e+00   0.000000e+00
    6   1   4   0.000000e+00   0.000000e+00   0.000000e+00   0.000000e+00
    6   1   5   0.000000e+00   0.000000e+00   0.000000e+00   0.000000e+00
    6   1   6   0.000000e+00   0.000000e+00   0.000000e+00   0.000000e+00
    6   1   7   0.000000e+00   0.000000e+00   0.000000e+00   0.000000e+00
    6   1   8   0.000000e+00   0.000000e+00   0.000000e+00   0.000000e+00
    6   1   9   0.000000e+00   0.000000e+00   0.000000e+00   0.000000e+00
    6   1   10   -4.815685e+02   2.863314e+03   0.000000e+00   0.000000e+00
    6   2   0   0.000000e+00   0.000000e+00   0.000000e+00   0.000000e+00
    6   2   1   0.000000e+00   0.000000e+00   0.000000e+00   0.000000e+00
    6   2   2   0.000000e+00   0.000000e+00   0.000000e+00   0.000000e+00
    6   2   3   0.000000e+00   0.000000e+00   0.000000e+00   0.000000e+00
    6   2   4   0.000000e+00   0.000000e+00   0.000000e+00   0.000000e+00
    6   2   5   0.000000e+00   0.000000e+00   0.000000e+00   0.000000e+00
    6   2   6   0.000000e+00   0.000000e+00   0.000000e+00   0.000000e+00
    6   2   7   0.000000e+00   0.000000e+00   0.000000e+00   0.000000e+00
    6   2   8   0.000000e+00   0.000000e+00   0.000000e+00   0.000000e+00
    6   2   9   0.000000e+00   0.000000e+00   0.000000e+00   0.000000e+00
    6   2   10   -6.870985e+01   2.129953e+01   0.000000e+00   0.000000e+00
    6   3   0   0.000000e+00   0.000000e+00   0.000000e+00   0.000000e+00
    6   3   1   0.000000e+00   0.000000e+00   0.000000e+00   0.000000e+00
    6   3   2   0.000000e+00   0.000000e+00   0.000000e+00   0.000000e+00
    6   3   3   0.000000e+00   0.000000e+00   0.000000e+00   0.000000e+00
    6   3   4   0.000000e+00   0.000000e+00   0.000000e+00   0.000000e+00
    6   3   5   0.000000e+00   0.000000e+00   0.000000e+00   0.000000e+00
    6   3   6   0.000000e+00   0.000000e+00   0.000000e+00   0.000000e+00
    6   3   7   0.000000e+00   0.000000e+00   0.000000e+00   0.000000e+00
    6   3   8   0.000000e+00   0.000000e+00   0.000000e+00   0.000000e+00
    6   3   9   0.000000e+00   0.000000e+00   0.000000e+00   0.000000e+00
    6   3   10   5.712786e+02   2.062327e+03   0.000000e+00   0.000000e+00
    7   0   0   0.000000e+00   0.000000e+00   0.000000e+00   0.000000e+00
    7   0   1   0.000000e+00   0.000000e+00   0.000000e+00   0.000000e+00
    7   0   2   0.000000e+00   0.000000e+00   0.000000e+00   0.000000e+00
    7   0   3   0.000000e+00   0.000000e+00   0.000000e+00   0.000000e+00
    7   0   4   0.000000e+00   0.000000e+00   0.000000e+00   0.000000e+00
    7   0   5   0.000000e+00   0.000000e+00   0.000000e+00   0.000000e+00
    7   0   6   0.000000e+00   0.000000e+00   0.000000e+00   0.000000e+00
    7   0   7   0.000000e+00   0.000000e+00   0.000000e+00   0.000000e+00
    7   0   8   0.000000e+00   0.000000e+00   0.000000e+00   0.000000e+00
    7   0   9   0.000000e+00   0.000000e+00   0.000000e+00   0.000000e+00
    7   0   10   -7.155018e+02   3.846609e+03   0.000000e+00   0.000000e+00
    7   1   0   0.000000e+00   0.000000e+00   0.000000e+00   0.000000e+00
    7   1   1   0.000000e+00   0.000000e+00   0.000000e+00   0.000000e+00
    7   1   2   0.000000e+00   0.000000e+00   0.000000e+00   0.000000e+00
    7   1   3   0.000000e+00   0.000000e+00   0.000000e+00   0.000000e+00
    7   1   4   0.000000e+00   0.000000e+00   0.000000e+00   0.000000e+00
    7   1   5   0.000000e+00   0.000000e+00   0.000000e+00   0.000000e+00
    7   1   6   0.000000e+00   0.000000e+00   0.000000e+00   0.000000e+00
    7   1   7   0.000000e+00   0.000000e+00   0.000000e+00   0.000000e+00
    7   1   8   0.000000e+00   0.000000e+00   0.000000e+00   0.000000e+00
    7   1   9   0.000000e+00   0.000000e+00   0.000000e+00   0.000000e+00
    7   1   10   -1.238666e+02   1.559145e+02   0.000000e+00   0.000000e+00
    7   2   0   0.000000e+00   0.000000e+00   0.000000e+00   0.000000e+00
    7   2   1   0.000000e+00   0.000000e+00   0.000000e+00   0.000000e+00
    7   2   2   0.000000e+00   0.000000e+00   0.000000e+00   0.000000e+00
    7   2   3   0.000000e+00   0.000000e+00   0.000000e+00   0.000000e+00
    7   2   4   0.000000e+00   0.000000e+00   0.000000e+00   0.000000e+00
    7   2   5   0.000000e+00   0.000000e+00   0.000000e+00   0.000000e+00
    7   2   6   0.000000e+00   0.000000e+00   0.000000e+00   0.000000e+00
    7   2   7   0.000000e+00   0.000000e+00   0.000000e+00   0.000000e+00
    7   2   8   0.000000e+00   0.000000e+00   0.000000e+00   0.000000e+00
    7   2   9   0.000000e+00   0.000000e+00   0.000000e+00   0.000000e+00
    7   2   10   2.051495e+02   8.653920e+01   0.000000e+00   0.000000e+00
    7   3   0   0.000000e+00   0.000000e+00   0.000000e+00   0.000000e+00
    7   3   1   0.000000e+00   0.000000e+00   0.000000e+00   0.000000e+00
    7   3   2   0.000000e+00   0.000000e+00   0.000000e+00   0.000000e+00
    7   3   3   0.000000e+00   0.000000e+00   0.000000e+00   0.000000e+00
    7   3   4   0.000000e+00   0.000000e+00   0.000000e+00   0.000000e+00
    7   3   5   0.000000e+00   0.000000e+00   0.000000e+00   0.000000e+00
    7   3   6   0.000000e+00   0.000000e+00   0.000000e+00   0.000000e+00
    7   3   7   0.000000e+00   0.000000e+00   0.000000e+00   0.000000e+00
    7   3   8   0.000000e+00   0.000000e+00   0.000000e+00   0.000000e+00
    7   3   9   0.000000e+00   0.000000e+00   0.000000e+00   0.000000e+00
    7   3   10   4.690164e+03   1.546074e+05   0.000000e+00   0.000000e+00
    8   0   0   0.000000e+00   0.000000e+00   0.000000e+00   0.000000e+00
    8   0   1   0.000000e+00   0.000000e+00   0.000000e+00   0.000000e+00
    8   0   2   0.000000e+00   0.000000e+00   0.000000e+00   0.000000e+00
    8   0   3   0.000000e+00   0.000000e+00   0.000000e+00   0.000000e+00
    8   0   4   0.000000e+00   0.000000e+00   0.000000e+00   0.000000e+00
    8   0   5   0.000000e+00   0.000000e+00   0.000000e+00   0.000000e+00
    8   0   6   0.000000e+00   0.000000e+00   0.000000e+00   0.000000e+00
    8   0   7   0.000000e+00   0.000000e+00   0.000000e+00   0.000000e+00
    8   0   8   0.000000e+00   0.000000e+00   0.000000e+00   0.000000e+00
    8   0   9   0.000000e+00   0.000000e+00   0.000000e+00   0.000000e+00
    8   0   10   9.513665e+02   4.229978e+03   0.000000e+00   0.000000e+00
    8   1   0   0.000000e+00   0.000000e+00   0.000000e+00   0.000000e+00
    8   1   1   0.000000e+00   0.000000e+00   0.000000e+00   0.000000e+00
    8   1   2   0.000000e+00   0.000000e+00   0.000000e+00   0.000000e+00
    8   1   3   0.000000e+00   0.000000e+00   0.000000e+00   0.000000e+00
    8   1   4   0.000000e+00   0.000000e+00   0.000000e+00   0.000000e+00
    8   1   5   0.000000e+00   0.000000e+00   0.000000e+00   0.000000e+00
    8   1   6   0.000000e+00   0.000000e+00   0.000000e+00   0.000000e+00
    8   1   7   0.000000e+00   0.000000e+00   0.000000e+00   0.000000e+00
    8   1   8   0.000000e+00   0.000000e+00   0.000000e+00   0.000000e+00
    8   1   9   0.000000e+00   0.000000e+00   0.000000e+00   0.000000e+00
    8   1   10   -4.560055e+02   1.502710e+03   0.000000e+00   0.000000e+00
    8   2   0   0.000000e+00   0.000000e+00   0.000000e+00   0.000000e+00
    8   2   1   0.000000e+00   0.000000e+00   0.000000e+00   0.000000e+00
    8   2   2   0.000000e+00   0.000000e+00   0.000000e+00   0.000000e+00
    8   2   3   0.000000e+00   0.000000e+00   0.000000e+00   0.000000e+00
    8   2   4   0.000000e+00   0.000000e+00   0.000000e+00   0.000000e+00
    8   2   5   0.000000e+00   0.000000e+00   0.000000e+00   0.000000e+00
    8   2   6   0.000000e+00   0.000000e+00   0.000000e+00   0.000000e+00
    8   2   7   0.000000e+00   0.000000e+00   0.000000e+00   0.000000e+00
    8   2   8   0.000000e+00   0.000000e+00   0.000000e+00   0.000000e+00
    8   2   9   0.000000e+00   0.000000e+00   0.000000e+00   0.000000e+00
    8   2   10   3.347576e+05   7.694674e+08   0.000000e+00   0.000000e+00
    8   3   0   0.000000e+00   0.000000e+00   0.000000e+00   0.000000e+00
    8   3   1   0.000000e+00   0.000000e+00   0.000000e+00   0.000000e+00
    8   3   2   0.000000e+00   0.000000e+00   0.000000e+00   0.000000e+00
    8   3   3   0.000000e+00   0.000000e+00   0.000000e+00   0.000000e+00
    8   3   4   0.000000e+00   0.000000e+00   0.000000e+00   0.000000e+00
    8   3   5   0.000000e+00   0.000000e+00   0.000000e+00   0.000000e+00
    8   3   6   0.000000e+00   0.000000e+00   0.000000e+00   0.000000e+00
    8   3   7   0.000000e+00   0.000000e+00   0.000000e+00   0.000000e+00
    8   3   8   0.000000e+00   0.000000e+00   0.000000e+00   0.000000e+00
    8   3   9   0.000000e+00   0.000000e+00   0.000000e+00   0.000000e+00
    8   3   10   -2.960403e+02   7.349826e+02   0.000000e+00   0.000000e+00
    9   0   0   0.000000e+00   0.000000e+00   0.000000e+00   0.000000e+00
    9   0   1   0.000000e+00   0.000000e+00   0.000000e+00   0.000000e+00
    9   0   2   0.000000e+00   0.000000e+00   0.000000e+00   0.000000e+00
    9   0   3   0.000000e+00   0.000000e+00   0.000000e+00   0.000000e+00
    9   0   4   0.000000e+00   0.000000e+00   0.000000e+00   0.000000e+00
    9   0   5   0.000000e+00   0.000000e+00   0.000000e+00   0.000000e+00
    9   0   6   0.000000e+00   0.000000e+00   0.000000e+00   0.000000e+00
    9   0   7   0.000000e+00   0.000000e+00   0.000000e+00   0.000000e+00
    9   0   8   0.000000e+00   0.000000e+00   0.000000e+00   0.000000e+00
    9   0   9   0.000000e+00   0.000000e+00   0.000000e+00   0.000000e+00
    9   0   10   -2.859390e+02   6.118339e+02   0.000000e+00   0.000000e+00
    9   1   0   0.000000e+00   0.000000e+00   0.000000e+00   0.000000e+00
    9   1   1   0.000000e+00   0.000000e+00   0.000000e+00   0.000000e+00
    9   1   2   0.000000e+00   0.000000e+00   0.000000e+00   0.000000e+00
    9   1   3   0.000000e+00   0.000000e+00   0.000000e+00   0.000000e+00
    9   1   4   0.000000e+00   0.000000e+00   0.000000e+00   0.000000e+00
    9   1   5   0.000000e+00   0.000000e+00   0.000000e+00   0.000000e+00
    9   1   6   0.000000e+00   0.000000e+00   0.000000e+00   0.000000e+00
    9   1   7   0.000000e+00   0.000000e+00   0.000000e+00   0.000000e+00
    9   1   8   0.000000e+00   0.000000e+00   0.000000e+00   0.000000e+00
    9   1   9   0.000000e+00   0.000000e+00   0.000000e+00   0.000000e+00
    9   1   10   -1.566784e+02   1.579180e+02   0.000000e+00   0.000000e+00
    9   2   0   0.000000e+00   0.000000e+00   0.000000e+00   0.000000e+00
    9   2   1   0.000000e+00   0.000000e+00   0.000000e+00   0.000000e+00
    9   2   2   0.000000e+00   0.000000e+00   0.000000e+00   0.000000e+00
    9   2   3   0.000000e+00   0.000000e+00   0.000000e+00   0.000000e+00
    9   2   4   0.000000e+00   0.000000e+00   0.000000e+00   0.000000e+00
    9   2   5   0.000000e+00   0.000000e+00   0.000000e+00   0.000000e+00
    9   2   6   0.000000e+00   0.000000e+00   0.000000e+00   0.000000e+00
    9   2   7   0.000000e+00   0.000000e+00   0.000000e+00   0.000000e+00
    9   2   8   0.000000e+00   0.000000e+00   0.000000e+00   0.000000e+00
    9   2   9   0.000000e+00   0.000000e+00   0.000000e+00   0.000000e+00
    9   2   10   -2.424022e+02   3.520826e+02   0.000000e+00   0.000000e+00
    9   3   0   0.000000e+00   0.000000e+00   0.000000e+00   0.000000e+00
    9   3   1   0.000000e+00   0.000000e+00   0.000000e+00   0.000000e+00
    9   3   2   0.000000e+00   0.000000e+00   0.000000e+00   0.000000e+00
    9   3   3   0.000000e+00   0.000000e+00   0.000000e+00   0.000000e+00
    9   3   4   0.000000e+00   0.000000e+00   0.000000e+00   0.000000e+00
    9   3   5   0.000000e+00   0.000000e+00   0.000000e+00   0.000000e+00
    9   3   6   0.000000e+00   0.000000e+00   0.000000e+00   0.000000e+00
    9   3   7   0.000000e+00   0.000000e+00   0.000000e+00   0.000000e+00
    9   3   8   0.000000e+00   0.000000e+00   0.000000e+00   0.000000e+00
    9   3   9   0.000000e+00   0.000000e+00   0.000000e+00   0.000000e+00
    9   3   10   -1.665754e+04   9.079321e+05   0.000000e+00   0.000000e+00
    10   0   0   0.000000e+00   0.000000e+00   0.000000e+00   0.000000e+00
    10   0   1   0.000000e+00   0.000000e+00   0.000000e+00   0.000000e+00
    10   0   2   0.000000e+00   0.000000e+00   0.000000e+00   0.000000e+00
    10   0   3   0.000000e+00   0.000000e+00   0.000000e+00   0.000000e+00
    10   0   4   0.000000e+00   0.000000e+00   0.000000e+00   0.000000e+00
    10   0   5   0.000000e+00   0.000000e+00   0.000000e+00   0.000000e+00
    10   0   6   0.000000e+00   0.000000e+00   0.000000e+00   0.000000e+00
    10   0   7   0.000000e+00   0.000000e+00   0.000000e+00   0.000000e+00
    10   0   8   0.000000e+00   0.000000e+00   0.000000e+00   0.000000e+00
    10   0   9   0.000000e+00   0.000000e+00   0.000000e+00   0.000000e+00
    10   0   10   -6.709638e+02   4.164709e+03   0.000000e+00   0.000000e+00
    10   1   0   0.000000e+00   0.000000e+00   0.000000e+00   0.000000e+00
    10   1   1   0.000000e+00   0.000000e+00   0.000000e+00   0.000000e+00
    10   1   2   0.000000e+00   0.000000e+00   0.000000e+00   0.000000e+00
    10   1   3   0.000000e+00   0.000000e+00   0.000000e+00   0.000000e+00
    10   1   4   0.000000e+00   0.000000e+00   0.000000e+00   0.000000e+00
    10   1   5   0.000000e+00   0.000000e+00   0.000000e+00   0.000000e+00
    10   1   6   0.000000e+00   0.000000e+00   0.000000e+00   0.000000e+00
    10   1   7   0.000000e+00   0.000000e+00   0.000000e+00   0.000000e+00
    10   1   8   0.000000e+00   0.000000e+00   0.000000e+00   0.000000e+00
    10   1   9   0.000000e+00   0.000000e+00   0.000000e+00   0.000000e+00
    10   1   10   2.950062e+03   9.007799e+04   0.000000e+00   0.000000e+00
    10   2   0   0.000000e+00   0.000000e+00   0.000000e+00   0.000000e+00
    10   2   1   0.000000e+00   0.000000e+00   0.000000e+00   0.000000e+00
    10   2   2   0.000000e+00   0.000000e+00   0.000000e+00   0.000000e+00
    10   2   3   0.000000e+00   0.000000e+00   0.000000e+00   0.000000e+00
    10   2   4   0.000000e+00   0.000000e+00   0.000000e+00   0.000000e+00
    10   2   5   0.000000e+00   0.000000e+00   0.000000e+00   0.000000e+00
    10   2   6   0.000000e+00   0.000000e+00   0.000000e+00   0.000000e+00
    10   2   7   0.000000e+00   0.000000e+00   0.000000e+00   0.000000e+00
    10   2   8   0.000000e+00   0.000000e+00   0.000000e+00   0.000000e+00
    10   2   9   0.000000e+00   0.000000e+00   0.000000e+00   0.000000e+00
    10   2   10   -1.333143e+02   1.481188e+02   0.000000e+00   0.000000e+00
    10   3   0   0.000000e+00   0.000000e+00   0.000000e+00   0.000000e+00
    10   3   1   0.000000e+00   0.000000e+00   0.000000e+00   0.000000e+00
    10   3   2   0.000000e+00   0.000000e+00   0.000000e+00   0.000000e+00
    10   3   3   0.000000e+00   0.000000e+00   0.000000e+00   0.000000e+00
    10   3   4   0.000000e+00   0.000000e+00   0.000000e+00   0.000000e+00
    10   3   5   0.000000e+00   0.000000e+00   0.000000e+00   0.000000e+00
    10   3   6   0.000000e+00   0.000000e+00   0.000000e+00   0.000000e+00
    10   3   7   0.000000e+00   0.000000e+00   0.000000e+00   0.000000e+00
    10   3   8   0.000000e+00   0.000000e+00   0.000000e+00   0.000000e+00
    10   3   9   0.000000e+00   0.000000e+00   0.000000e+00   0.000000e+00
    10   3   10   -9.135422e+02   7.582730e+03   0.000000e+00   0.000000e+00
    11   0   0   0.000000e+00   0.000000e+00   0.000000e+00   0.000000e+00
    11   0   1   0.000000e+00   0.000000e+00   0.000000e+00   0.000000e+00
    11   0   2   0.000000e+00   0.000000e+00   0.000000e+00   0.000000e+00
    11   0   3   0.000000e+00   0.000000e+00   0.000000e+00   0.000000e+00
    11   0   4   0.000000e+00   0.000000e+00   0.000000e+00   0.000000e+00
    11   0   5   0.000000e+00   0.000000e+00   0.000000e+00   0.000000e+00
    11   0   6   0.000000e+00   0.000000e+00   0.000000e+00   0.000000e+00
    11   0   7   0.000000e+00   0.000000e+00   0.000000e+00   0.000000e+00
    11   0   8   0.000000e+00   0.000000e+00   0.000000e+00   0.000000e+00
    11   0   9   0.000000e+00   0.000000e+00   0.000000e+00   0.000000e+00
    11   0   10   1.462925e+04   1.589910e+06   0.000000e+00   0.000000e+00
    11   1   0   0.000000e+00   0.000000e+00   0.000000e+00   0.000000e+00
    11   1   1   0.000000e+00   0.000000e+00   0.000000e+00   0.000000e+00
    11   1   2   0.000000e+00   0.000000e+00   0.000000e+00   0.000000e+00
    11   1   3   0.000000e+00   0.000000e+00   0.000000e+00   0.000000e+00
    11   1   4   0.000000e+00   0.000000e+00   0.000000e+00   0.000000e+00
    11   1   5   0.000000e+00   0.000000e+00   0.000000e+00   0.000000e+00
    11   1   6   0.000000e+00   0.000000e+00   0.000000e+00   0.000000e+00
    11   1   7   0.000000e+00   0.000000e+00   0.000000e+00   0.000000e+00
    11   1   8   0.000000e+00   0.000000e+00   0.000000e+00   0.000000e+00
    11   1   9   0.000000e+00   0.000000e+00   0.000000e+00   0.000000e+00
    11   1   10   -4.587328e+02   1.045284e+03   0.000000e+00   0.000000e+00
    11   2   0   0.000000e+00   0.000000e+00   0.000000e+00   0.000000e+00
    11   2   1   0.000000e+00   0.000000e+00   0.000000e+00   0.000000e+00
    11   2   2   0.000000e+00   0.000000e+00   0.000000e+00   0.000000e+00
    11   2   3   0.000000e+00   0.000000e+00   0.000000e+00   0.000000e+00
    11   2   4   0.000000e+00   0.000000e+00   0.000000e+00   0.000000e+00
    11   2   5   0.000000e+00   0.000000e+00   0.000000e+00   0.000000e+00
    11   2   6   0.000000e+00   0.000000e+00   0.000000e+00   0.000000e+00
    11   2   7   0.000000e+00   0.000000e+00   0.000000e+00   0.000000e+00
    11   2   8   0.000000e+00   0.000000e+00   0.000000e+00   0.000000e+00
    11   2   9   0.000000e+00   0.000000e+00   0.000000e+00   0.000000e+00
    11   2   10   -3.429113e+02   1.043034e+03   0.000000e+00   0.000000e+00
    11   3   0   0.000000e+00   0.000000e+00   0.000000e+00   0.000000e+00
    11   3   1   0.000000e+00   0.000000e+00   0.000000e+00   0.000000e+00
    11   3   2   0.000000e+00   0.000000e+00   0.000000e+00   0.000000e+00
    11   3   3   0.000000e+00   0.000000e+00   0.000000e+00   0.000000e+00
    11   3   4   0.000000e+00   0.000000e+00   0.000000e+00   0.000000e+00
    11   3   5   0.000000e+00   0.000000e+00   0.000000e+00   0.000000e+00
    11   3   6   0.000000e+00   0.000000e+00   0.000000e+00   0.000000e+00
    11   3   7   0.000000e+00   0.000000e+00   0.000000e+00   0.000000e+00
    11   3   8   0.000000e+00   0.000000e+00   0.000000e+00   0.000000e+00
    11   3   9   0.000000e+00   0.000000e+00   0.000000e+00   0.000000e+00
    11   3   10   1.821933e+02   2.034740e+02   0.000000e+00   0.000000e+00
    12   0   0   0.000000e+00   0.000000e+00   0.000000e+00   0.000000e+00
    12   0   1   0.000000e+00   0.000000e+00   0.000000e+00   0.000000e+00
    12   0   2   0.000000e+00   0.000000e+00   0.000000e+00   0.000000e+00
    12   0   3   0.000000e+00   0.000000e+00   0.000000e+00   0.000000e+00
    12   0   4   0.000000e+00   0.000000e+00   0.000000e+00   0.000000e+00
    12   0   5   0.000000e+00   0.000000e+00   0.000000e+00   0.000000e+00
    12   0   6   0.000000e+00   0.000000e+00   0.000000e+00   0.000000e+00
    12   0   7   0.000000e+00   0.000000e+00   0.000000e+00   0.000000e+00
    12   0   8   0.000000e+00   0.000000e+00   0.000000e+00   0.000000e+00
    12   0   9   0.000000e+00   0.000000e+00   0.000000e+00   0.000000e+00
    12   0   10   -5.245167e+02   2.344413e+03   0.000000e+00   0.000000e+00
    12   1   0   0.000000e+00   0.000000e+00   0.000000e+00   0.000000e+00
    12   1   1   0.000000e+00   0.000000e+00   0.000000e+00   0.000000e+00
    12   1   2   0.000000e+00   0.000000e+00   0.000000e+00   0.000000e+00
    12   1   3   0.000000e+00   0.000000e+00   0.000000e+00   0.000000e+00
    12   1   4   0.000000e+00   0.000000e+00   0.000000e+00   0.000000e+00
    12   1   5   0.000000e+00   0.000000e+00   0.000000e+00   0.000000e+00
    12   1   6   0.000000e+00   0.000000e+00   0.000000e+00   0.000000e+00
    12   1   7   0.000000e+00   0.000000e+00   0.000000e+00   0.000000e+00
    12   1   8   0.000000e+00   0.000000e+00   0.000000e+00   0.000000e+00
    12   1   9   0.000000e+00   0.000000e+00   0.000000e+00   0.000000e+00
    12   1   10   -2.120377e+02   3.287554e+02   0.000000e+00   0.000000e+00
    12   2   0   0.000000e+00   0.000000e+00   0.000000e+00   0.000000e+00
    12   2   1   0.000000e+00   0.000000e+00   0.000000e+00   0.000000e+00
    12   2   2   0.000000e+00   0.000000e+00   0.000000e+00   0.000000e+00
    12   2   3   0.000000e+00   0.000000e+00   0.000000e+00   0.000000e+00
    12   2   4   0.000000e+00   0.000000e+00   0.000000e+00   0.000000e+00
    12   2   5   0.000000e+00   0.000000e+00   0.000000e+00   0.000000e+00
    12   2   6   0.000000e+00   0.000000e+00   0.000000e+00   0.000000e+00
    12   2   7   0.000000e+00   0.000000e+00   0.000000e+00   0.000000e+00
    12   2   8   0.000000e+00   0.000000e+00   0.000000e+00   0.000000e+00
    12   2   9   0.000000e+00   0.000000e+00   0.000000e+00   0.000000e+00
    12   2   10   -1.086374e+03   7.498931e+03   0.000000e+00   0.000000e+00
    12   3   0   0.000000e+00   0.000000e+00   0.000000e+00   0.000000e+00
    12   3   1   0.000000e+00   0.000000e+00   0.000000e+00   0.000000e+00
    12   3   2   0.000000e+00   0.000000e+00   0.000000e+00   0.000000e+00
    12   3   3   0.000000e+00   0.000000e+00   0.000000e+00   0.000000e+00
    12   3   4   0.000000e+00   0.000000e+00   0.000000e+00   0.000000e+00
    12   3   5   0.000000e+00   0.000000e+00   0.000000e+00   0.000000e+00
    12   3   6   0.000000e+00   0.000000e+00   0.000000e+00   0.000000e+00
    12   3   7   0.000000e+00   0.000000e+00   0.000000e+00   0.000000e+00
    12   3   8   0.000000e+00   0.000000e+00   0.000000e+00   0.000000e+00
    12   3   9   0.000000e+00   0.000000e+00   0.000000e+00   0.000000e+00
    12   3   10   -5.833673e+02   2.218734e+03   0.000000e+00   0.000000e+00
    13   0   0   0.000000e+00   0.000000e+00   0.000000e+00   0.000000e+00
    13   0   1   0.000000e+00   0.000000e+00   0.000000e+00   0.000000e+00
    13   0   2   0.000000e+00   0.000000e+00   0.000000e+00   0.000000e+00
    13   0   3   0.000000e+00   0.000000e+00   0.000000e+00   0.000000e+00
    13   0   4   0.000000e+00   0.000000e+00   0.000000e+00   0.000000e+00
    13   0   5   0.000000e+00   0.000000e+00   0.000000e+00   0.000000e+00
    13   0   6   0.000000e+00   0.000000e+00   0.000000e+00   0.000000e+00
    13   0   7   0.000000e+00   0.000000e+00   0.000000e+00   0.000000e+00
    13   0   8   0.000000e+00   0.000000e+00   0.000000e+00   0.000000e+00
    13   0   9   0.000000e+00   0.000000e+00   0.000000e+00   0.000000e+00
    13   0   10   3.175010e+02   8.767395e+02   0.000000e+00   0.000000e+00
    13   1   0   0.000000e+00   0.000000e+00   0.000000e+00   0.000000e+00
    13   1   1   0.000000e+00   0.000000e+00   0.000000e+00   0.000000e+00
    13   1   2   0.000000e+00   0.000000e+00   0.000000e+00   0.000000e+00
    13   1   3   0.000000e+00   0.000000e+00   0.000000e+00   0.000000e+00
    13   1   4   0.000000e+00   0.000000e+00   0.000000e+00   0.000000e+00
    13   1   5   0.000000e+00   0.000000e+00   0.000000e+00   0.000000e+00
    13   1   6   0.000000e+00   0.000000e+00   0.000000e+00   0.000000e+00
    13   1   7   0.000000e+00   0.000000e+00   0.000000e+00   0.000000e+00
    13   1   8   0.000000e+00   0.000000e+00   0.000000e+00   0.000000e+00
    13   1   9   0.000000e+00   0.000000e+00   0.000000e+00   0.000000e+00
    13   1   10   -2.969868e+02   7.295964e+02   0.000000e+00   0.000000e+00
    13   2   0   0.000000e+00   0.000000e+00   0.000000e+00   0.000000e+00
    13   2   1   0.000000e+00   0.000000e+00   0.000000e+00   0.000000e+00
    13   2   2   0.000000e+00   0.000000e+00   0.000000e+00   0.000000e+00
    13   2   3   0.000000e+00   0.000000e+00   0.000000e+00   0.000000e+00
    13   2   4   0.000000e+00   0.000000e+00   0.000000e+00   0.000000e+00
    13   2   5   0.000000e+00   0.000000e+00   0.000000e+00   0.000000e+00
    13   2   6   0.000000e+00   0.000000e+00   0.000000e+00   0.000000e+00
    13   2   7   0.000000e+00   0.000000e+00   0.000000e+00   0.000000e+00
    13   2   8   0.000000e+00   0.000000e+00   0.000000e+00   0.000000e+00
    13   2   9   0.000000e+00   0.000000e+00   0.000000e+00   0.000000e+00
    13   2   10   -6.544304e+02   4.063762e+03   0.000000e+00   0.000000e+00
    13   3   0   0.000000e+00   0.000000e+00   0.000000e+00   0.000000e+00
    13   3   1   0.000000e+00   0.000000e+00   0.000000e+00   0.000000e+00
    13   3   2   0.000000e+00   0.000000e+00   0.000000e+00   0.000000e+00
    13   3   3   0.000000e+00   0.000000e+00   0.000000e+00   0.000000e+00
    13   3   4   0.000000e+00   0.000000e+00   0.000000e+00   0.000000e+00
    13   3   5   0.000000e+00   0.000000e+00   0.000000e+00   0.000000e+00
    13   3   6   0.000000e+00   0.000000e+00   0.000000e+00   0.000000e+00
    13   3   7   0.000000e+00   0.000000e+00   0.000000e+00   0.000000e+00
    13   3   8   0.000000e+00   0.000000e+00   0.000000e+00   0.000000e+00
    13   3   9   0.000000e+00   0.000000e+00   0.000000e+00   0.000000e+00
    13   3   10   -1.091332e+03   8.863641e+03   0.000000e+00   0.000000e+00
    14   0   0   0.000000e+00   0.000000e+00   0.000000e+00   0.000000e+00
    14   0   1   0.000000e+00   0.000000e+00   0.000000e+00   0.000000e+00
    14   0   2   0.000000e+00   0.000000e+00   0.000000e+00   0.000000e+00
    14   0   3   0.000000e+00   0.000000e+00   0.000000e+00   0.000000e+00
    14   0   4   0.000000e+00   0.000000e+00   0.000000e+00   0.000000e+00
    14   0   5   0.000000e+00   0.000000e+00   0.000000e+00   0.000000e+00
    14   0   6   0.000000e+00   0.000000e+00   0.000000e+00   0.000000e+00
    14   0   7   0.000000e+00   0.000000e+00   0.000000e+00   0.000000e+00
    14   0   8   0.000000e+00   0.000000e+00   0.000000e+00   0.000000e+00
    14   0   9   0.000000e+00   0.000000e+00   0.000000e+00   0.000000e+00
    14   0   10   2.146573e+02   2.456652e+02   0.000000e+00   0.000000e+00
    14   1   0   0.000000e+00   0.000000e+00   0.000000e+00   0.000000e+00
    14   1   1   0.000000e+00   0.000000e+00   0.000000e+00   0.000000e+00
    14   1   2   0.000000e+00   0.000000e+00   0.000000e+00   0.000000e+00
    14   1   3   0.000000e+00   0.000000e+00   0.000000e+00   0.000000e+00
    14   1   4   0.000000e+00   0.000000e+00   0.000000e+00   0.000000e+00
    14   1   5   0.000000e+00   0.000000e+00   0.000000e+00   0.000000e+00
    14   1   6   0.000000e+00   0.000000e+00   0.000000e+00   0.000000e+00
    14   1   7   0.000000e+00   0.000000e+00   0.000000e+00   0.000000e+00
    14   1   8   0.000000e+00   0.000000e+00   0.000000e+00   0.000000e+00
    14   1   9   0.000000e+00   0.000000e+00   0.000000e+00   0.000000e+00
    14   1   10   3.114428e+02   8.347873e+02   0.000000e+00   0.000000e+00
    14   2   0   0.000000e+00   0.000000e+00   0.000000e+00   0.000000e+00
    14   2   1   0.000000e+00   0.000000e+00   0.000000e+00   0.000000e+00
    14   2   2   0.000000e+00   0.000000e+00   0.000000e+00   0.000000e+00
    14   2   3   0.000000e+00   0.000000e+00   0.000000e+00   0.000000e+00
    14   2   4   0.000000e+00   0.000000e+00   0.000000e+00   0.000000e+00
    14   2   5   0.000000e+00   0.000000e+00   0.000000e+00   0.000000e+00
    14   2   6   0.000000e+00   0.000000e+00   0.000000e+00   0.000000e+00
    14   2   7   0.000000e+00   0.000000e+00   0.000000e+00   0.000000e+00
    14   2   8   0.000000e+00   0.000000e+00   0.000000e+00   0.000000e+00
    14   2   9   0.000000e+00   0.000000e+00   0.000000e+00   0.000000e+00
    14   2   10   -7.392175e+02   3.648376e+03   0.000000e+00   0.000000e+00
    14   3   0   0.000000e+00   0.000000e+00   0.000000e+00   0.000000e+00
    14   3   1   0.000000e+00   0.000000e+00   0.000000e+00   0.000000e+00
    14   3   2   0.000000e+00   0.000000e+00   0.000000e+00   0.000000e+00
    14   3   3   0.000000e+00   0.000000e+00   0.000000e+00   0.000000e+00
    14   3   4   0.000000e+00   0.000000e+00   0.000000e+00   0.000000e+00
    14   3   5   0.000000e+00   0.000000e+00   0.000000e+00   0.000000e+00
    14   3   6   0.000000e+00   0.000000e+00   0.000000e+00   0.000000e+00
    14   3   7   0.000000e+00   0.000000e+00   0.000000e+00   0.000000e+00
    14   3   8   0.000000e+00   0.000000e+00   0.000000e+00   0.000000e+00
    14   3   9   0.000000e+00   0.000000e+00   0.000000e+00   0.000000e+00
    14   3   10   1.217905e+03   1.240495e+04   0.000000e+00   0.000000e+00
